ITS2 type profile UID		66406	66474	66582	66584	66583	66797	66711	67315
Clade		A	B	C	C	C	C	C	C
Majority ITS2 sequence		A4a	B18b	C3	C3/C3dm	C3/C3cd	C3	C3	C3
Associated species		S. linucheae	None	None	None	None	None	None	None
ITS2 profile abundance local		1	1	193	20	19	4	4	1
ITS2 profile abundance DB		6	1	193	20	19	9	29	8
ITS2 type profile		A4/A4a	B18b	C3-C3de-C3bb-C21ae-C3an-C3s-C3dk	C3/C3dm-C3de-C3bb-C3cd-C21ae-C3an-C3s-C3dk	C3/C3cd-C3de-C3dn-C3bb-C21ae-C3an	C3-C3an-C3b-C21-C3fc-C3bb-C3s-C3fd	C3an/C3-C21-C3bb	C3-C3an
59506	CBC_189	0	0	1911.0	0	0	0	0	0
59514	CBC_197	0	0	2158.0	0	0	0	0	0
59339	CBC_022	0	0	17959.0	0	0	0	0	0
59548	CBC_231	0	0	15403.0	0	0	0	0	0
59503	CBC_186	0	0	4223.0	0	0	0	0	0
59525	CBC_208	0	0	9686.0	0	0	0	0	0
59463	CBC_146	0	0	62800.0	0	0	0	0	0
59508	CBC_191	0	0	32031.0	0	0	0	0	0
59535	CBC_218	0	0	95838.0	0	0	0	0	0
59533	CBC_216	0	0	63912.0	0	0	0	0	0
59545	CBC_228	0	0	184207.0	0	0	0	0	0
59528	CBC_211	0	0	49071.0	0	0	0	0	0
59326	CBC_009	0	0	82283.0	0	0	0	0	0
59443	CBC_126	0	0	99711.0	0	0	0	0	0
59481	CBC_164	0	0	128598.0	0	0	0	0	0
59321	CBC_004	0	0	193057.0	0	0	0	0	0
59331	CBC_014	0	0	92568.0	0	0	0	0	0
59532	CBC_215	0	0	20364.0	0	0	0	0	0
59334	CBC_017	0	0	149864.0	0	0	0	0	0
59529	CBC_212	0	0	8549.0	0	0	0	0	0
59538	CBC_221	0	0	107596.0	0	0	0	0	0
59320	CBC_003	0	0	97048.0	0	0	0	0	0
59512	CBC_195	0	0	63528.0	0	0	0	0	0
59444	CBC_127	0	0	78835.0	0	0	0	0	0
59507	CBC_190	0	0	258509.0	0	0	0	0	0
59384	CBC_067	0	0	5690.0	0	0	0	0	0
59333	CBC_016	0	0	34465.0	0	0	0	0	0
59448	CBC_131	0	0	28462.0	0	0	0	0	0
59541	CBC_224	0	0	132366.0	0	0	0	0	0
59445	CBC_128	0	0	151249.0	0	0	0	0	0
59442	CBC_125	0	0	104289.0	0	0	0	0	0
59488	CBC_171	0	0	142745.0	0	0	0	0	0
59544	CBC_227	0	0	79361.0	0	0	0	0	0
59536	CBC_219	0	0	103477.0	0	0	0	0	0
59495	CBC_178	0	0	114229.0	0	0	0	0	0
59534	CBC_217	0	0	62839.0	0	0	0	0	0
59486	CBC_169	0	0	26337.0	0	0	0	0	0
59517	CBC_200	0	0	37004.0	0	0	0	0	0
59324	CBC_007	0	0	112755.0	0	0	0	0	0
59531	CBC_214	0	0	94497.0	0	0	0	0	0
59510	CBC_193	0	0	62091.0	0	0	0	0	0
59530	CBC_213	0	0	241376.0	0	0	0	0	0
59428	CBC_111	0	0	152997.0	0	0	0	0	0
59455	CBC_138	0	0	21573.0	0	0	0	0	0
59364	CBC_047	0	0	133365.0	0	0	0	0	0
59398	CBC_081	0	0	99652.0	0	0	0	0	0
59387	CBC_070	0	0	100629.0	0	0	0	0	0
59329	CBC_012	0	0	204245.0	0	0	0	0	0
59394	CBC_077	0	0	90684.0	0	0	0	0	0
59524	CBC_207	0	0	53054.0	0	0	0	0	0
59403	CBC_086	0	0	110054.0	0	0	0	0	0
59424	CBC_107	0	0	4075.0	0	0	0	0	0
59335	CBC_018	0	0	126339.0	0	0	0	0	0
59441	CBC_124	0	0	111774.0	0	0	0	0	0
59526	CBC_209	0	0	119621.0	0	0	0	0	0
59452	CBC_135	0	0	111692.0	0	0	0	0	0
59521	CBC_204	0	0	95831.0	0	0	0	0	0
59509	CBC_192	0	0	168710.0	0	0	0	0	0
59409	CBC_092	0	0	145187.0	0	0	0	0	0
59377	CBC_060	0	0	130075.0	0	0	0	0	0
59379	CBC_062	0	0	96326.0	0	0	0	0	0
59449	CBC_132	0	0	175356.0	0	0	0	0	0
59366	CBC_049	0	0	36179.0	0	0	0	0	0
59423	CBC_106	0	0	31555.0	0	0	0	0	0
59539	CBC_222	0	0	125087.0	0	0	0	0	0
59382	CBC_065	0	0	38186.0	0	0	0	0	0
59429	CBC_112	0	0	17536.0	0	0	0	0	0
59456	CBC_139	0	0	112544.0	0	0	0	0	0
59386	CBC_069	0	0	135361.0	0	0	0	0	0
59454	CBC_137	0	0	31894.0	0	0	0	0	0
59404	CBC_087	0	0	99133.0	0	0	0	0	0
59498	CBC_181	0	0	80207.0	0	0	0	0	0
59391	CBC_074	0	0	127948.0	0	0	0	0	0
59385	CBC_068	0	0	163920.0	0	0	0	0	0
59433	CBC_116	0	0	8639.0	0	0	0	0	0
59540	CBC_223	0	0	101913.0	0	0	0	0	0
59542	CBC_225	0	0	269263.0	0	0	0	0	0
59447	CBC_130	0	0	177927.0	0	0	0	0	0
59555	CBC_239	0	0	64106.0	0	0	0	0	0
59557	CBC_241	0	0	152038.0	0	0	0	0	0
59518	CBC_201	0	0	175516.0	0	0	0	0	0
59491	CBC_174	0	0	119455.0	0	0	0	0	0
59467	CBC_150	0	0	55813.0	0	0	0	0	0
59363	CBC_046	0	0	31310.0	0	0	0	0	0
59318	CBC_001	0	0	25006.0	0	0	0	0	0
59522	CBC_205	0	0	90973.0	0	0	0	0	0
59483	CBC_166	0	0	100225.0	0	0	0	0	0
59422	CBC_105	0	0	78383.0	0	0	0	0	0
59370	CBC_053	0	0	176816.0	0	0	0	0	0
59411	CBC_094	0	0	133664.0	0	0	0	0	0
59383	CBC_066	0	0	229191.0	0	0	0	0	0
59523	CBC_206	0	0	137974.0	0	0	0	0	0
59407	CBC_090	0	0	175603.0	0	0	0	0	0
59378	CBC_061	0	0	235492.0	0	0	0	0	0
59499	CBC_182	0	0	117604.0	0	0	0	0	0
59344	CBC_027	0	0	151631.0	0	0	0	0	0
59392	CBC_075	0	0	125081.0	0	0	0	0	0
59389	CBC_072	0	0	130399.0	0	0	0	0	0
59355	CBC_038	0	0	161161.0	0	0	0	0	0
59485	CBC_168	0	0	73802.0	0	0	0	0	0
59475	CBC_158	0	0	97660.0	0	0	0	0	0
59549	CBC_232	0	0	48243.0	0	0	0	0	0
59440	CBC_123	0	0	104177.0	0	0	0	0	0
59402	CBC_085	0	0	13814.0	0	0	0	0	0
59556	CBC_240	0	0	133829.0	0	0	0	0	0
59501	CBC_184	0	0	77953.0	0	0	0	0	0
59459	CBC_142	0	0	73760.0	0	0	0	0	0
59515	CBC_198	0	0	131807.0	0	0	0	0	0
59543	CBC_226	0	0	122030.0	0	0	0	0	0
59502	CBC_185	0	0	20270.0	0	0	0	0	0
59322	CBC_005	0	0	134185.0	0	0	0	0	0
59458	CBC_141	0	0	11681.0	0	0	0	0	0
59470	CBC_153	0	0	78579.0	0	0	0	0	0
59550	CBC_233	0	0	43014.0	0	0	0	0	0
59414	CBC_097	0	0	166229.0	0	0	0	0	0
59435	CBC_118	0	0	27268.0	0	0	0	0	0
59492	CBC_175	0	0	130809.0	0	0	0	0	0
59388	CBC_071	0	0	109744.0	0	0	0	0	0
59520	CBC_203	0	0	78127.0	0	0	0	0	0
59511	CBC_194	0	0	9681.0	0	0	0	0	0
59460	CBC_143	0	0	110398.0	0	0	0	0	0
59484	CBC_167	0	0	141428.0	0	0	0	0	0
59489	CBC_172	0	0	81540.0	0	0	0	0	0
59368	CBC_051	0	0	240283.0	0	0	0	0	0
59434	CBC_117	0	0	134935.0	0	0	0	0	0
59497	CBC_180	0	0	171985.0	0	0	0	0	0
59457	CBC_140	0	0	182270.0	0	0	0	0	0
59425	CBC_108	0	0	173180.0	0	0	0	0	0
59462	CBC_145	0	0	153884.0	0	0	0	0	0
59408	CBC_091	0	0	91009.0	0	0	0	0	0
59551	CBC_234	0	0	311032.0	0	0	0	0	0
59451	CBC_134	0	0	8722.0	0	0	0	0	0
59490	CBC_173	0	0	100307.0	0	0	0	0	0
59453	CBC_136	0	0	199037.0	0	0	0	0	0
59436	CBC_119	0	0	214530.0	0	0	0	0	0
59345	CBC_028	0	0	147338.0	0	0	0	0	0
59412	CBC_095	0	0	98799.0	0	0	0	0	0
59468	CBC_151	0	0	65594.0	0	0	0	0	0
59553	CBC_237	0	0	96558.0	0	0	0	0	0
59505	CBC_188	0	0	202473.0	0	0	0	0	0
59446	CBC_129	0	0	134290.0	0	0	0	0	0
59346	CBC_029	0	0	10044.0	0	0	0	0	0
59513	CBC_196	0	0	137887.0	0	0	0	0	0
59537	CBC_220	0	0	5883.0	0	0	0	0	0
59494	CBC_177	0	0	63313.0	0	0	0	0	0
59327	CBC_010	0	0	200959.0	0	0	0	0	0
59438	CBC_121	0	0	107069.0	0	0	0	0	0
59328	CBC_011	0	0	163813.0	0	0	0	0	0
59367	CBC_050	0	0	141611.0	0	0	0	0	0
59365	CBC_048	0	0	154474.0	0	0	0	0	0
59419	CBC_102	0	0	46237.0	0	0	0	0	0
59554	CBC_238	0	0	84564.0	0	0	0	0	0
59465	CBC_148	0	0	154904.0	0	0	0	0	0
59519	CBC_202	0	0	191046.0	0	0	0	0	0
59372	CBC_055	0	0	128863.0	0	0	0	0	0
59357	CBC_040	0	0	150457.0	0	0	0	0	0
59376	CBC_059	0	0	94682.0	0	0	0	0	0
59341	CBC_024	0	0	104199.0	0	0	0	0	0
59416	CBC_099	0	0	154076.0	0	0	0	0	0
59464	CBC_147	0	0	58868.0	0	0	0	0	0
59493	CBC_176	0	0	119225.0	0	0	0	0	0
59558	CBC_242	0	0	52226.0	0	0	0	0	0
59482	CBC_165	0	0	178242.0	0	0	0	0	0
59427	CBC_110	0	0	166773.0	0	0	0	0	0
59473	CBC_156	0	0	111841.0	0	0	0	0	0
59487	CBC_170	0	0	104876.0	0	0	0	0	0
59348	CBC_031	0	0	83029.0	0	0	0	0	0
59418	CBC_101	0	0	118354.0	0	0	0	0	0
59396	CBC_079	0	0	76633.0	0	0	0	0	0
59405	CBC_088	0	0	12801.0	0	0	0	0	0
59547	CBC_230	0	0	100856.0	0	0	0	0	0
59350	CBC_033	0	0	144735.0	0	0	0	0	0
59426	CBC_109	0	0	11108.0	0	0	0	0	0
59347	CBC_030	0	0	22028.0	0	0	0	0	0
59527	CBC_210	0	0	75944.0	0	0	0	0	0
59381	CBC_064	0	0	76361.0	0	0	0	0	0
59330	CBC_013	0	0	236807.0	0	0	0	0	0
59430	CBC_113	0	0	157890.0	0	0	0	0	0
59399	CBC_082	0	0	100768.0	0	0	0	0	0
59380	CBC_063	0	0	225647.0	0	0	0	0	0
59420	CBC_103	0	0	11428.0	0	0	0	0	0
59323	CBC_006	0	0	130533.0	0	0	0	0	0
59360	CBC_043	0	0	150933.0	0	0	0	0	0
59325	CBC_008	0	0	167506.0	0	0	0	0	0
59354	CBC_037	0	0	81947.0	0	0	0	0	0
59332	CBC_015	0	0	373338.0	0	0	0	0	0
59417	CBC_100	0	0	93850.0	0	0	0	0	0
59342	CBC_025	0	0	108538.0	0	0	0	0	0
59546	CBC_229	0	0	82830.0	0	0	0	0	0
59478	CBC_161	0	0	193069.0	0	0	0	0	0
59400	CBC_083	0	0	113998.0	0	0	0	0	0
59471	CBC_154	0	0	139560.0	0	0	0	0	0
59349	CBC_032	0	0	94296.0	0	0	0	0	0
59336	CBC_019	0	0	0	116666.0	0	0	0	0
59359	CBC_042	0	0	0	131129.0	0	0	0	0
59369	CBC_052	0	0	0	113837.0	0	0	0	0
59450	CBC_133	0	0	0	84231.0	0	0	0	0
59390	CBC_073	0	0	0	66491.0	0	0	0	0
59421	CBC_104	0	0	0	66548.0	0	0	0	0
59397	CBC_080	0	0	0	121288.0	0	0	0	0
59371	CBC_054	0	0	0	120857.0	0	0	0	0
59361	CBC_044	0	0	0	5532.0	0	0	0	0
59516	CBC_199	0	0	0	140363.0	0	0	0	0
59373	CBC_056	0	0	0	121685.0	0	0	0	0
59338	CBC_021	0	0	0	318009.0	0	0	0	0
59413	CBC_096	0	0	0	59567.0	0	0	0	0
59340	CBC_023	0	0	0	154904.0	0	0	0	0
59395	CBC_078	0	0	0	87596.0	0	0	0	0
59406	CBC_089	0	0	0	26406.0	0	0	0	0
59439	CBC_122	0	0	0	134892.0	0	0	0	0
59353	CBC_036	0	0	0	70372.0	0	0	0	0
59410	CBC_093	0	0	0	140358.0	0	0	0	0
59552	CBC_236	0	0	0	153129.0	0	0	0	0
59343	CBC_026	0	0	0	0	62442.0	0	0	0
59461	CBC_144	0	0	0	0	22158.0	0	0	0
59474	CBC_157	0	0	0	0	100476.0	0	0	0
59358	CBC_041	0	0	0	0	50626.0	0	0	0
59401	CBC_084	0	0	0	0	31628.0	0	0	0
59496	CBC_179	0	0	0	0	156354.0	0	0	0
59477	CBC_160	0	0	0	0	125097.0	0	0	0
59466	CBC_149	0	0	0	0	64399.0	0	0	0
59356	CBC_039	0	0	0	0	141312.0	0	0	0
59476	CBC_159	0	0	0	0	87604.0	0	0	0
59469	CBC_152	0	0	0	0	100823.0	0	0	0
59393	CBC_076	0	0	0	0	163264.0	0	0	0
59504	CBC_187	0	0	0	0	93849.0	0	0	0
59319	CBC_002	0	0	0	0	122993.0	0	0	0
59352	CBC_035	0	0	0	0	132917.0	0	0	0
59431	CBC_114	0	0	0	0	126045.0	0	0	0
59374	CBC_057	0	108.0	0	0	52922.0	0	0	0
59337	CBC_020	0	0	0	0	143403.0	0	0	0
59375	CBC_058	0	0	0	0	69498.0	0	0	0
59472	CBC_155	0	0	0	0	0	127918.0	0	0
59362	CBC_045	0	0	0	0	0	161491.0	0	0
59500	CBC_183	0	0	0	0	0	109620.0	0	0
59432	CBC_115	0	0	0	0	0	125964.0	0	0
59437	CBC_120	343.0	0	0	0	0	0	123342.0	0
59351	CBC_034	0	0	0	0	0	0	50260.0	0
59479	CBC_162	0	0	0	0	0	0	44672.0	0
59480	CBC_163	0	0	0	0	0	0	23853.0	0
59415	CBC_098	0	0	0	0	0	0	0	14382.0
Sequence accession / SymPortal UID		40166-29206	71507	32-2554-982-38767-1354-38269-71161	32/71399-2554-982-53704-38767-1354-38269-71161	32/53704-2554-71427-982-38767-1354	32-1354-982-12353-41-80-38269-71406	32-1354-982-41	32-1354
Average defining sequence proportions and [stdev]		0.571[nan]-0.429[nan]	1.000[nan]	0.407[0.082]-0.237[0.039]-0.114[0.021]-0.098[0.022]-0.061[0.011]-0.043[0.009]-0.041[0.011]	0.292[0.089]/0.198[0.179]-0.173[0.053]-0.086[0.029]-0.075[0.053]-0.071[0.023]-0.044[0.016]-0.032[0.012]-0.028[0.010]	0.342[0.077]/0.238[0.149]-0.147[0.071]-0.105[0.082]-0.068[0.034]-0.064[0.034]-0.036[0.016]	0.710[0.116]-0.069[0.031]-0.064[0.048]-0.050[0.017]-0.037[0.051]-0.032[0.011]-0.028[0.011]-0.009[0.003]	0.466[0.123]-0.191[0.089]-0.183[0.033]-0.160[0.029]	0.898[nan]-0.102[nan]
