ITS2 type profile UID		51007	51072	51011	51350	51927	51349	51198	51347	51353	51288	51868	51951	51953	51348	51351	51352	51929	51871	51869	51197	51287	51294	51591	51396	51928	51564	51439	51662	51862	51664	51666	51667	51665	51680	51709	51663	51678	51681
Clade		A	A	A	C	C	C	C	C	C	C	C	C	C	C	C	C	C	C	C	C	C	C	C	C	C	C	C	D	D	D	D	D	D	D	D	D	D	D
Majority ITS2 sequence		A1	A1	A1	C3	C3	C3	C3/C3c	C3/C3c	C3	C3	C3	C3	C3	C15h	C3	C3	C3	C15h	C3c/C3	C3	C3	C3	C91f	C15h	C3	C91h	C15	D17a/D1	D5	D5	D5	D5/D1/D17a	D5	D5	D5	D1	D5	D5
Associated species		S. microadriaticum	S. microadriaticum	S. microadriaticum	S. thermophilum	S. thermophilum	S. thermophilum	S. thermophilum	S. thermophilum	S. thermophilum	S. thermophilum	S. thermophilum	S. thermophilum	S. thermophilum	None	S. thermophilum	S. thermophilum	S. thermophilum	None	S. thermophilum	S. thermophilum	S. thermophilum	None	None	None	S. thermophilum	None	None	S. trenchii	None	None	None	S. trenchii	None	S. trenchii	None	S. trenchii	None	S. glynnii,S. trenchii
ITS2 profile abundance local		58	2	1	47	46	29	25	23	18	15	14	13	11	10	9	9	8	6	5	3	3	3	1	1	1	1	1	46	34	12	10	8	6	4	4	2	1	1
ITS2 profile abundance DB		279	27	9	54	65	36	43	23	18	28	14	13	11	12	9	9	8	10	5	35	23	137	7	29	6	9	171	46	34	12	17	8	6	13	7	2	13	13
ITS2 type profile		A1	A1-A1bw-A1bf-A1bx-A1eb	A1-A1cu	C3-C3gulf-C3c-C3aj	C3-C3gulf-C3d-C3i-C115c-C115b-C3al-C3ak	C3-C3u-C3gulf	C3/C3c-C3gulf	C3/C3c-C3gulf-C3m-C3l-C3r	C3-C3gulf-C3d-C115b-C3o-C18a-C3w-C3ai	C3-C3gulf-C3c-C3am	C3-C3an-C3t-C3gulf	C3-C3gulf-C3c-C3m-C3l-C3r-C3ao-C3aj	C3-C3gulf-C3ap-C115b-C3ai	C15h-C15o-C15k	C3-C3gulf-C3ai	C3-C115b-C3gulf-C3d-C3ai-C18a	C3-C3gulf-C3c-C3l-C83-C3am	C15h-C15o-C15k-C15q-C15p	C3c/C3-C3gulf-C3dd	C3/C3gulf	C3-C3gulf-C3c-C3aq	C3	C91f	C15h-C15k	C3-C3gulf-C3d-C3i	C91h	C15	D17a/D1-D4-D17-D1g	D5-D5a-D4-D5f-D4a	D5-D4-D4a-D2-D5d-D5g-D5h	D5-D4-D5a-D4a	D5/D1/D17a-D4	D5-D5c-D4a-D5b-D4-D5i	D5/D1-D5a-D4	D5/D4	D1-D17a-D4	D5	D5/D1-D4-D5a-D6
63129	S_16_E0556_150_EH-16S_18S_16S_amplicon_S503-A_N701-A	6795.0	0	0	0	0	0	0	0	0	0	0	0	0	0	0	5011.0	0	0	0	0	0	0	0	0	0	0	0	0	0	0	0	526.0	0	0	0	0	0	0
62841	S_16_E0772_476_EH-16S_18S_16S_amplicon_S517-C_N706-C	0	0	0	6518.0	0	0	0	0	0	0	0	0	0	0	0	0	0	0	0	0	0	0	0	0	0	0	0	0	0	0	0	0	0	0	0	0	0	0
63059	S_16_E0709_275_EH-16S_18S_16S_amplicon_S510-B_N716-B	0	0	0	15660.0	0	0	0	0	0	0	0	0	0	0	0	0	0	0	0	0	0	0	0	0	0	0	0	0	0	0	0	0	0	0	0	0	0	0
62896	S_16_E0552_235_EH-16S_18S_16S_amplicon_S502-A_N710-A	0	0	0	11820.0	0	0	0	0	0	0	0	0	0	0	0	0	0	0	0	0	0	0	0	0	0	0	0	0	0	0	0	0	0	0	0	0	0	0
62906	S_16_E0748_470_EH-16S_18S_16S_amplicon_S515-C_N705-C	0	0	0	11208.0	0	0	0	0	0	0	0	0	0	0	0	0	0	0	0	0	0	0	0	0	0	0	0	0	0	0	0	0	0	0	148.0	0	0	0
62985	S_16_E0648_373_EH-16S_18S_16S_amplicon_S502-B_N727-B	0	0	0	12232.0	0	0	0	0	0	0	0	0	0	0	0	0	0	0	0	0	0	0	0	0	0	0	0	0	0	0	0	0	0	0	0	0	0	0
62974	S_16_E0659_371_EH-16S_18S_16S_amplicon_S503-B_N727-B	0	0	0	10518.0	0	0	0	0	0	0	0	0	0	0	0	0	0	0	0	0	0	0	0	0	0	0	0	0	0	0	0	0	0	0	0	0	0	0
62942	S_16_E0883_617_EH-16S_18S_16S_amplicon_S520-D_N718-D	262.0	0	0	14515.0	0	0	0	0	0	0	0	0	0	0	0	0	0	0	0	0	0	0	0	0	0	0	0	0	0	0	0	0	0	0	0	0	0	0
63036	S_16_E0796_474_EH-16S_18S_16S_amplicon_S520-C_N706-C	0	0	0	10221.0	0	0	0	0	0	0	0	0	0	0	0	0	0	0	0	0	0	0	0	0	0	0	0	0	0	0	0	0	0	0	0	0	0	0
62925	S_16_E0656_341_EH-16S_18S_16S_amplicon_S503-B_N723-B	0	0	0	14245.0	0	0	0	0	0	0	0	0	0	0	0	0	0	0	0	0	0	0	0	0	0	0	0	0	0	0	0	0	0	0	0	0	0	0
62883	S_16_E0721_274_EH-16S_18S_16S_amplicon_S511-B_N716-B	0	0	0	14555.0	0	0	0	0	0	0	0	0	0	0	0	0	0	0	0	0	0	0	0	0	0	0	0	0	0	0	0	0	0	0	0	0	0	0
63124	S_16_E0908_624_EH-16S_18S_16S_amplicon_S522-D_N719-D	0	0	0	14350.0	0	0	0	0	0	0	0	0	0	0	0	0	0	0	0	0	0	0	0	0	0	0	0	0	0	0	0	0	0	0	0	0	0	0
63022	S_16_E0731_374_EH-16S_18S_16S_amplicon_S511-B_N728-B	0	0	0	14652.0	0	0	0	0	0	0	0	0	0	0	0	0	0	0	0	0	0	0	0	0	0	0	0	0	0	0	0	0	0	0	0	0	0	0
62891	S_16_E0682_369_EH-16S_18S_16S_amplicon_S506-B_N727-B	0	0	0	15652.0	0	0	0	0	0	0	0	0	0	0	0	0	0	0	0	0	0	0	0	0	0	0	0	0	0	0	0	0	0	0	0	0	0	0
62863	S_16_E0710_285_EH-16S_18S_16S_amplicon_S510-B_N718-B	0	0	0	8233.0	0	0	0	0	0	0	0	0	0	0	0	0	0	0	0	0	0	0	0	0	0	0	0	0	0	0	0	0	0	0	0	0	0	0
63073	S_16_E0671_380_EH-16S_18S_16S_amplicon_S505-B_N728-B	0	0	0	13472.0	0	0	0	0	0	0	0	0	0	0	0	0	0	0	0	0	0	0	0	0	0	0	0	0	0	0	0	0	0	0	0	0	0	0
62999	S_16_E0713_315_EH-16S_18S_16S_amplicon_S510-B_N721-B	0	0	0	12281.0	0	0	0	0	0	0	0	0	0	0	0	0	0	0	0	0	0	0	0	0	0	0	0	0	0	0	0	0	0	0	0	0	0	0
62833	S_16_E0846_711_EH-16S_18S_16S_amplicon_S515-D_N726-D	0	0	0	9527.0	0	0	0	0	0	0	0	0	0	0	0	0	0	0	0	0	0	0	0	0	0	0	0	0	0	0	0	0	0	0	0	0	0	0
63085	S_16_E0727_334_EH-16S_18S_16S_amplicon_S511-B_N723-B	485.0	0	0	15738.0	0	0	0	0	0	0	0	0	0	0	0	0	0	0	0	0	0	0	0	0	0	0	0	0	0	0	0	0	0	0	0	0	0	0
63029	S_16_E0899_667_EH-16S_18S_16S_amplicon_S521-D_N722-D	0	0	0	13679.0	0	0	0	0	0	0	0	0	0	0	0	0	0	0	0	0	0	0	0	0	0	0	0	0	0	0	0	0	0	0	0	0	0	0
62852	S_16_E0888_686_EH-16S_18S_16S_amplicon_S520-D_N723-D	0	0	0	12041.0	0	0	0	0	0	0	0	0	0	0	0	0	0	0	0	0	0	0	0	0	0	0	0	0	0	0	0	0	0	0	0	0	0	0
62990	S_16_E0874_638_EH-16S_18S_16S_amplicon_S518-D_N720-D	0	0	0	12371.0	0	0	0	0	0	0	0	0	0	0	0	0	0	0	0	0	0	0	0	0	0	0	0	0	0	0	0	0	0	0	0	0	0	0
62929	S_16_E0657_350_EH-16S_18S_16S_amplicon_S503-B_N724-B	601.0	0	0	13724.0	0	0	0	0	0	0	0	0	0	0	0	0	0	0	0	0	0	0	0	0	0	0	0	0	0	0	0	0	0	0	0	0	0	0
63047	S_16_E0862_628_EH-16S_18S_16S_amplicon_S517-D_N719-D	0	0	0	5810.0	0	0	0	0	0	0	0	0	0	0	0	0	0	0	0	0	0	0	0	0	0	0	0	0	0	0	0	0	0	0	0	0	0	0
62879	S_16_E0652_301_EH-16S_18S_16S_amplicon_S503-B_N719-B	0	0	0	9754.0	0	0	0	0	0	0	0	0	0	0	0	0	0	0	0	0	0	0	0	0	0	0	0	0	0	0	0	0	0	0	0	0	0	0
62812	S_16_E0857_709_EH-16S_18S_16S_amplicon_S516-D_N726-D	0	0	0	7375.0	0	0	0	0	0	0	0	0	0	0	0	0	0	0	0	0	0	0	0	0	0	0	0	0	0	0	0	0	0	0	0	0	0	0
62905	S_16_E0875_657_EH-16S_18S_16S_amplicon_S518-D_N721-D	0	0	0	9001.0	0	0	0	0	0	0	0	0	0	0	0	0	0	0	0	0	0	0	0	0	0	0	0	0	0	0	0	0	0	0	0	0	0	0
63150	S_16_E0840_630_EH-16S_18S_16S_amplicon_S515-D_N719-D	0	0	0	17795.0	0	0	0	0	0	0	0	0	0	0	0	0	0	0	0	0	0	0	0	0	0	0	0	0	0	0	0	0	0	0	0	0	0	0
62836	S_16_E0578_272_EH-16S_18S_16S_amplicon_S505-A_N715-A	0	0	0	8950.0	0	0	0	0	0	0	0	0	0	0	0	0	0	0	0	0	0	0	0	0	0	0	0	0	0	0	0	0	0	0	0	0	0	0
63066	S_16_E0670_370_EH-16S_18S_16S_amplicon_S505-B_N727-B	0	0	0	16845.0	0	0	0	0	0	0	0	0	0	0	0	0	0	0	0	0	0	0	0	0	0	0	0	0	0	0	0	0	0	0	0	0	0	0
62934	S_16_E0589_259_EH-16S_18S_16S_amplicon_S506-A_N714-A	0	0	0	12119.0	0	0	0	0	0	0	0	0	0	0	0	0	0	0	0	0	0	0	0	0	0	0	0	0	0	0	0	0	0	0	0	0	0	0
62940	S_16_E0719_375_EH-16S_18S_16S_amplicon_S510-B_N728-B	549.0	0	0	15430.0	0	0	0	0	0	0	0	0	0	0	0	0	0	0	0	0	0	0	0	0	0	0	0	0	0	0	0	0	0	0	0	0	0	0
63144	S_16_E0700_305_EH-16S_18S_16S_amplicon_S508-B_N720-B	0	0	0	9394.0	0	0	0	0	0	0	0	0	0	0	0	0	0	0	0	0	0	0	0	0	0	0	0	0	0	0	0	0	0	0	0	0	0	0
63154	S_16_E0832_678_EH-16S_18S_16S_amplicon_S513-D_N722-D	0	0	0	8843.0	0	0	0	0	0	0	0	0	0	0	0	0	0	0	0	0	0	0	0	0	0	0	0	0	0	0	0	0	0	0	0	0	0	0
62867	S_16_E0884_626_EH-16S_18S_16S_amplicon_S520-D_N719-D	0	0	0	22529.0	0	0	0	0	0	0	0	0	0	0	0	0	0	0	0	0	0	0	0	0	0	0	0	0	0	0	0	0	0	0	0	0	0	0
63143	S_16_E0851_629_EH-16S_18S_16S_amplicon_S516-D_N719-D	0	0	0	16916.0	0	0	0	0	0	0	0	0	0	0	0	0	0	0	0	0	0	0	0	0	0	0	0	0	0	0	0	0	0	0	0	0	0	0
62885	S_16_E0877_687_EH-16S_18S_16S_amplicon_S518-D_N723-D	1401.0	0	0	9975.0	0	0	0	0	0	0	0	0	0	0	0	0	0	0	0	0	0	0	0	0	0	0	0	0	0	0	0	0	0	0	0	0	0	0
62865	S_16_E0907_614_EH-16S_18S_16S_amplicon_S522-D_N718-D	0	0	0	8936.0	0	0	0	0	0	0	0	0	0	0	0	0	0	0	0	0	0	0	0	0	0	0	0	0	0	0	0	1351.0	0	0	0	0	0	0
62862	S_16_E0843_676_EH-16S_18S_16S_amplicon_S515-D_N722-D	869.0	0	0	5826.0	0	0	0	0	0	0	0	0	0	0	0	0	0	0	0	0	0	0	0	0	0	0	0	0	0	0	0	0	0	0	0	0	0	0
62979	S_16_E0760_477_EH-16S_18S_16S_amplicon_S516-C_N706-C	0	0	0	7571.0	0	0	0	0	0	0	0	0	0	0	0	0	0	0	0	0	0	0	0	0	0	0	0	0	0	0	0	0	0	0	0	0	0	0
63149	S_16_E0820_472_EH-16S_18S_16S_amplicon_S522-C_N706-C	0	0	0	8152.0	0	0	0	0	0	0	0	0	0	0	0	0	0	0	0	0	0	0	0	0	0	0	0	0	0	0	0	0	0	0	0	0	0	0
63002	S_16_E0610_229_EH-16S_18S_16S_amplicon_S508-A_N710-A	0	0	0	10074.0	0	0	0	0	0	0	0	0	0	0	0	0	0	0	0	0	0	0	0	0	0	0	0	0	0	0	0	0	0	0	0	0	0	0
62946	S_16_E0711_294_EH-16S_18S_16S_amplicon_S510-B_N719-B	0	0	0	10607.0	0	0	0	0	0	0	0	0	0	0	0	0	0	0	0	0	0	0	0	0	0	0	0	0	0	0	0	0	0	0	0	0	0	0
63108	S_16_E0762_499_EH-16S_18S_16S_amplicon_S516-C_N710-C	2703.0	0	0	8939.0	0	0	0	0	0	0	0	0	0	0	0	0	0	0	0	0	0	0	0	0	0	0	0	0	0	0	0	0	0	0	0	0	0	0
63037	S_16_E0605_164_EH-16S_18S_16S_amplicon_S508-A_N703-A	3909.0	0	0	11220.0	0	0	0	0	0	0	0	0	0	0	0	0	0	0	0	0	0	0	0	0	0	0	0	0	0	0	0	0	0	0	0	0	0	0
63057	S_16_E0683_379_EH-16S_18S_16S_amplicon_S506-B_N728-B	3471.0	0	0	8871.0	0	0	0	0	0	0	0	0	0	0	0	0	0	0	0	0	0	0	0	0	0	0	0	0	0	0	0	0	0	0	0	0	0	0
62993	S_16_E0637_255_EH-16S_18S_16S_amplicon_S511-A_N714-A	6968.0	0	0	13775.0	0	0	0	0	0	0	0	0	0	0	0	0	0	0	0	0	0	0	0	0	0	0	0	0	0	0	0	0	0	0	0	0	0	0
62964	S_16_E0741_511_EH-16S_18S_16S_amplicon_S513-C_N711-C	4611.0	0	0	7246.0	0	0	0	0	0	0	0	0	0	0	0	0	0	0	0	0	0	0	0	0	0	0	0	0	0	0	0	0	0	0	0	0	0	0
63116	S_16_E0591_147_EH-16S_18S_16S_amplicon_S507-A_N701-A	0	0	0	0	0	0	0	0	0	0	0	0	0	0	0	0	0	0	0	0	0	0	0	0	0	0	0	31523.0	0	0	0	0	0	0	0	0	0	0
62869	S_16_E0894_545_EH-16S_18S_16S_amplicon_S521-D_N716-D	0	0	0	0	0	0	0	0	0	0	0	0	0	0	0	0	0	0	0	0	0	0	0	0	0	0	0	23616.0	0	0	0	0	0	0	0	0	0	0
62793	S_16_E0870_740_EH-16S_18S_16S_amplicon_S517-D_N728-D	0	0	0	0	0	0	0	0	0	0	0	0	0	0	0	0	0	0	0	0	0	0	0	0	0	0	0	13958.0	0	0	0	0	0	0	0	0	0	0
62987	S_16_E0906_543_EH-16S_18S_16S_amplicon_S522-D_N716-D	0	0	0	0	0	0	0	0	0	0	0	0	0	0	0	0	0	0	0	0	0	0	0	0	0	0	0	18453.0	0	0	0	0	0	0	0	0	0	0
63083	S_16_E0603_146_EH-16S_18S_16S_amplicon_S508-A_N701-A	0	0	0	0	0	0	0	0	0	0	0	0	0	0	0	0	0	0	0	0	0	0	0	0	0	0	0	25721.0	0	0	0	0	0	0	0	0	0	0
63025	S_16_E0891_730_EH-16S_18S_16S_amplicon_S520-D_N727-D	0	0	0	0	0	0	0	0	0	0	0	0	0	0	0	0	0	0	0	0	0	0	0	0	0	0	0	15525.0	0	0	0	0	0	0	0	0	0	0
63017	S_16_E0881_739_EH-16S_18S_16S_amplicon_S518-D_N728-D	0	0	0	0	0	0	0	0	0	0	0	0	0	0	0	0	0	0	0	0	0	0	0	0	0	0	0	15168.0	0	0	0	0	0	0	0	0	0	0
63132	S_16_E0733_410_EH-16S_18S_16S_amplicon_S513-C_N701-C	0	0	0	0	0	0	0	0	0	0	0	0	0	0	0	0	0	0	0	0	0	0	0	0	0	0	0	22088.0	0	0	0	0	0	0	0	0	0	0
62898	S_16_E0904_737_EH-16S_18S_16S_amplicon_S521-D_N728-D	0	0	0	0	0	0	0	0	0	0	0	0	0	0	0	0	0	0	0	0	0	0	0	0	0	0	0	19814.0	0	0	0	0	0	0	0	0	0	0
63064	S_16_E0708_398_EH-16S_18S_16S_amplicon_S508-B_N729-B	0	0	0	0	0	0	0	0	0	0	0	0	0	0	0	0	0	0	0	0	0	0	0	0	0	0	0	31337.0	0	0	0	0	0	0	0	0	0	0
62870	S_16_E0545_151_EH-16S_18S_16S_amplicon_S502-A_N701-A	0	0	0	0	0	0	0	0	0	0	0	0	0	0	0	0	0	0	0	0	0	0	0	0	0	0	0	28099.0	0	0	0	0	0	0	0	0	0	0
63004	S_16_E0607_187_EH-16S_18S_16S_amplicon_S508-A_N705-A	0	0	0	0	0	0	0	0	0	0	0	0	0	0	0	0	0	0	0	0	0	0	0	0	0	0	0	20864.0	0	0	0	0	0	0	0	0	0	0
63092	S_16_E0571_190_EH-16S_18S_16S_amplicon_S505-A_N705-A	0	0	0	0	0	0	0	0	0	0	0	0	0	0	0	0	0	0	0	0	0	0	0	0	0	0	0	13850.0	0	0	0	0	0	0	0	0	0	0
62907	S_16_E0765_531_EH-16S_18S_16S_amplicon_S516-C_N714-C	0	0	0	0	0	0	0	0	0	0	0	0	0	0	0	0	0	0	0	0	0	0	0	0	0	0	0	21386.0	0	0	0	0	0	0	0	0	0	0
62802	S_16_E0849_552_EH-16S_18S_16S_amplicon_S516-D_N716-D	0	0	0	0	0	0	0	0	0	0	0	0	0	0	0	0	0	0	0	0	0	0	0	0	0	0	0	23026.0	0	0	0	0	0	0	0	0	0	0
62941	S_16_E0604_154_EH-16S_18S_16S_amplicon_S508-A_N702-A	0	0	0	0	0	0	0	0	0	0	0	0	0	0	0	0	0	0	0	0	0	0	0	0	0	0	0	29621.0	0	0	0	0	0	0	0	0	0	0
62986	S_16_E0917_745_EH-16S_18S_16S_amplicon_S522-D_N729-D	0	0	0	0	0	0	0	0	0	0	0	0	0	0	0	0	0	0	0	0	0	0	0	0	0	0	0	21484.0	0	0	0	0	0	0	0	0	0	0
63046	S_16_E0696_399_EH-16S_18S_16S_amplicon_S507-B_N729-B	0	0	0	0	0	0	0	0	0	0	0	0	0	0	0	0	0	0	0	0	0	0	0	0	0	0	0	22582.0	0	0	0	0	0	0	0	0	0	0
62855	S_16_E0778_541_EH-16S_18S_16S_amplicon_S517-C_N715-C	0	0	0	0	0	0	0	0	0	0	0	0	0	0	0	0	0	0	0	0	0	23.0	0	199.0	0	0	0	16724.0	0	0	0	0	0	0	0	0	0	0
63145	S_16_E0744_409_EH-16S_18S_16S_amplicon_S515-C_N701-C	0	0	0	0	0	0	0	0	0	0	0	0	0	0	0	0	0	0	0	0	0	0	0	0	0	0	0	28642.0	0	0	0	0	0	0	0	0	0	0
62856	S_16_E0767_407_EH-16S_18S_16S_amplicon_S517-C_N701-C	0	0	0	0	0	0	0	0	0	0	0	0	0	0	0	0	0	0	0	0	0	0	0	0	0	0	0	35323.0	0	0	0	0	0	0	0	0	0	0
62838	S_16_E0582_175_EH-16S_18S_16S_amplicon_S506-A_N704-A	0	0	0	0	0	46.0	0	0	0	0	0	0	0	463.0	0	0	0	0	0	0	0	0	0	0	0	0	0	20395.0	0	0	0	0	0	0	0	0	0	0
63106	S_16_E0827_558_EH-16S_18S_16S_amplicon_S513-D_N716-D	0	0	0	0	0	0	100.0	0	0	0	0	0	0	0	0	0	0	0	0	0	0	0	0	0	0	0	173.0	20900.0	0	0	0	0	0	0	0	0	0	0
63102	S_16_E0916_736_EH-16S_18S_16S_amplicon_S522-D_N728-D	0	0	0	0	0	0	0	0	0	0	0	0	0	224.0	0	0	0	0	0	0	0	17.0	0	0	0	0	0	15381.0	0	0	0	0	0	0	0	0	0	0
62975	S_16_E0780_416_EH-16S_18S_16S_amplicon_S518-C_N702-C	0	0	0	0	0	0	0	0	0	0	0	0	0	0	0	0	0	0	0	0	0	0	0	0	0	0	0	23454.0	0	0	0	0	0	0	0	0	0	0
62914	S_16_E0792_414_EH-16S_18S_16S_amplicon_S520-C_N702-C	0	0	0	0	0	0	0	0	0	0	0	0	0	0	0	0	0	0	0	0	0	0	0	0	0	0	0	20386.0	0	0	0	0	0	0	0	0	0	0
63013	S_16_E0768_422_EH-16S_18S_16S_amplicon_S517-C_N702-C	0	0	0	0	0	0	0	0	0	0	0	0	0	0	0	0	0	0	0	0	0	0	0	0	0	0	0	14650.0	0	0	0	0	0	0	0	0	0	0
62957	S_16_E0697_276_EH-16S_18S_16S_amplicon_S508-B_N716-B	0	0	0	0	0	0	0	0	0	0	0	0	0	0	0	0	0	0	0	0	0	0	0	0	0	0	0	23361.0	0	0	0	0	0	0	0	0	0	0
62818	S_16_E0826_536_EH-16S_18S_16S_amplicon_S522-C_N715-C	0	0	0	0	0	0	0	0	0	0	0	0	0	0	0	0	0	0	0	0	0	0	0	0	0	0	0	14266.0	0	0	0	0	0	0	0	0	0	0
63098	S_16_E0560_191_EH-16S_18S_16S_amplicon_S503-A_N705-A	0	0	0	0	0	0	0	0	0	0	0	0	0	0	0	0	0	0	0	0	0	30.0	128.0	0	0	51.0	0	10290.0	0	0	0	0	0	0	0	0	0	0
62806	S_16_E0880_731_EH-16S_18S_16S_amplicon_S518-D_N727-D	0	0	0	0	0	0	0	0	0	0	0	0	0	960.0	0	0	0	0	0	0	0	0	0	0	0	0	0	18946.0	0	0	0	0	0	0	0	0	0	0
62830	S_16_E0893_747_EH-16S_18S_16S_amplicon_S520-D_N729-D	0	0	0	0	0	0	0	0	0	0	0	0	0	0	0	446.0	0	0	0	0	0	0	0	0	0	0	0	16517.0	0	0	0	0	0	0	0	0	0	0
62887	S_16_E0594_174_EH-16S_18S_16S_amplicon_S507-A_N704-A	0	0	0	0	0	0	0	0	0	0	0	0	0	0	0	0	0	0	0	0	0	0	0	0	0	0	0	1819.0	0	0	0	0	0	0	0	0	0	0
63034	S_16_E0847_734_EH-16S_18S_16S_amplicon_S515-D_N727-D	0	0	0	0	0	0	0	0	0	0	0	0	0	595.0	0	0	0	0	0	30.0	0	0	0	0	0	0	0	10930.0	0	0	0	0	0	0	0	0	0	0
62835	S_16_E0684_400_EH-16S_18S_16S_amplicon_S506-B_N729-B	0	0	0	0	0	0	0	0	0	0	0	0	0	1259.0	0	0	0	0	0	0	0	0	0	0	0	0	0	23072.0	0	0	0	0	0	0	0	0	0	0
62803	S_16_E0869_732_EH-16S_18S_16S_amplicon_S517-D_N727-D	0	0	0	0	0	0	0	0	0	0	0	0	0	606.0	0	0	0	0	0	14.0	0	0	0	0	0	0	0	8860.0	0	0	0	0	0	0	0	0	0	0
63051	S_16_E0803_404_EH-16S_18S_16S_amplicon_S521-C_N701-C	0	0	0	0	0	0	0	0	0	0	0	0	0	0	0	0	0	3981.0	0	0	0	0	0	0	0	0	0	29246.0	0	0	0	0	0	0	0	0	0	0
63086	S_16_E0814_537_EH-16S_18S_16S_amplicon_S521-C_N715-C	0	0	0	0	0	0	0	0	0	0	0	0	0	3528.0	0	0	0	0	0	0	0	0	0	0	0	0	0	18297.0	0	0	0	0	0	0	0	0	0	0
63113	S_16_E0567_149_EH-16S_18S_16S_amplicon_S505-A_N701-A	0	0	0	0	0	0	0	0	0	0	0	0	0	0	0	0	0	6497.0	0	0	0	0	0	0	0	0	0	31301.0	0	0	0	0	0	0	0	0	0	0
62897	S_16_E0743_533_EH-16S_18S_16S_amplicon_S513-C_N714-C	0	0	0	0	0	0	0	0	0	0	0	0	0	3027.0	0	0	0	0	0	0	0	0	0	0	0	0	0	12874.0	0	0	0	0	0	0	0	0	0	0
63031	S_16_E0815_403_EH-16S_18S_16S_amplicon_S522-C_N701-C	0	0	0	0	0	0	0	0	0	0	0	0	0	0	0	0	0	7406.0	0	0	0	0	0	0	0	0	0	22652.0	0	0	0	0	0	0	0	0	0	0
62899	S_16_E0779_406_EH-16S_18S_16S_amplicon_S518-C_N701-C	0	0	0	0	0	0	0	0	0	0	0	0	0	0	0	0	0	11306.0	0	0	0	0	0	0	0	0	0	30108.0	0	0	0	0	0	0	0	0	0	0
62796	S_16_E0754_532_EH-16S_18S_16S_amplicon_S515-C_N714-C	0	0	0	0	0	0	0	0	0	0	0	0	0	5722.0	0	0	0	0	0	0	0	0	0	0	0	0	0	11809.0	0	0	0	0	0	0	0	0	0	0
62809	S_16_E0627_144_EH-16S_18S_16S_amplicon_S511-A_N701-A	0	0	0	0	0	0	0	0	0	0	0	0	0	0	0	0	0	15227.0	0	0	0	0	0	0	0	0	0	29068.0	0	0	0	0	0	0	0	0	0	0
62913	S_16_E0790_539_EH-16S_18S_16S_amplicon_S518-C_N715-C	0	0	0	0	0	0	0	0	0	0	0	0	0	11095.0	0	0	0	0	0	0	0	0	0	0	0	0	0	12161.0	0	0	0	0	0	0	0	0	0	0
62932	S_16_E0705_355_EH-16S_18S_16S_amplicon_S508-B_N726-B	0	0	0	0	15358.0	0	0	0	0	0	0	0	0	0	0	0	0	0	0	0	0	0	0	0	0	0	0	0	0	0	0	0	0	0	0	0	0	0
62904	S_16_E0602_269_EH-16S_18S_16S_amplicon_S507-A_N715-A	0	0	0	0	11966.0	0	0	0	0	0	0	0	0	0	0	0	0	0	0	0	0	0	0	0	0	0	0	0	0	0	0	0	0	0	0	0	0	0
62927	S_16_E0850_620_EH-16S_18S_16S_amplicon_S516-D_N718-D	0	0	0	0	11310.0	0	0	0	0	0	0	0	0	0	0	0	0	0	0	0	0	0	0	0	0	0	0	0	0	0	0	0	0	0	0	0	0	0
62884	S_16_E0873_627_EH-16S_18S_16S_amplicon_S518-D_N719-D	0	0	0	0	23156.0	0	0	0	0	0	0	0	0	0	0	0	0	0	0	0	0	0	0	0	0	0	0	0	0	0	0	0	0	0	0	0	0	0
63100	S_16_E0853_660_EH-16S_18S_16S_amplicon_S516-D_N721-D	0	0	0	0	7998.0	0	0	0	0	0	0	0	0	0	0	0	0	0	0	0	0	0	0	0	0	0	0	0	0	0	0	0	0	0	0	0	0	0
63000	S_16_E0865_671_EH-16S_18S_16S_amplicon_S517-D_N722-D	0	0	0	0	10436.0	0	0	0	0	0	0	0	0	0	0	0	0	0	0	0	0	0	0	0	0	0	0	0	0	0	0	0	0	0	0	0	0	0
62949	S_16_E0681_357_EH-16S_18S_16S_amplicon_S506-B_N726-B	0	0	0	0	16087.0	0	0	0	0	0	0	0	0	0	0	0	0	0	0	0	0	0	0	0	0	0	0	0	0	0	0	0	0	0	0	0	0	0
62931	S_16_E0698_286_EH-16S_18S_16S_amplicon_S508-B_N718-B	0	0	0	0	12005.0	0	0	0	0	0	0	0	0	0	0	0	0	0	0	0	0	0	0	0	0	0	0	0	0	0	0	0	0	0	0	0	0	0
62826	S_16_E0730_362_EH-16S_18S_16S_amplicon_S511-B_N727-B	0	0	0	0	17437.0	0	0	0	0	0	0	0	0	0	0	0	0	0	0	0	0	0	0	0	0	0	0	0	0	0	0	0	0	0	0	0	0	0
63128	S_16_E0641_302_EH-16S_18S_16S_amplicon_S502-B_N719-B	0	0	0	0	10580.0	0	0	0	0	0	0	0	0	0	0	0	0	0	0	0	0	0	0	0	0	0	0	0	0	0	0	0	0	0	0	0	0	0
63084	S_16_E0842_661_EH-16S_18S_16S_amplicon_S515-D_N721-D	0	0	0	0	9039.0	0	0	0	0	0	0	0	0	0	0	0	0	0	0	0	0	0	0	0	0	0	0	0	0	0	0	0	0	0	0	0	0	0
63142	S_16_E0706_364_EH-16S_18S_16S_amplicon_S508-B_N727-B	0	0	0	0	16710.0	0	0	0	0	0	0	0	0	0	0	0	0	0	0	0	0	0	0	0	0	0	0	0	0	0	0	0	0	0	0	0	0	0
62850	S_16_E0658_359_EH-16S_18S_16S_amplicon_S503-B_N726-B	0	0	0	0	9725.0	0	0	0	0	0	0	0	0	0	0	0	0	0	0	0	0	0	0	0	0	0	0	0	0	0	0	0	0	0	0	0	0	0
62866	S_16_E0590_271_EH-16S_18S_16S_amplicon_S506-A_N715-A	0	0	0	0	18368.0	0	0	0	0	0	0	0	0	0	0	0	0	0	0	0	0	0	0	0	0	0	0	0	0	0	0	0	0	0	0	0	0	0
63122	S_16_E0830_652_EH-16S_18S_16S_amplicon_S513-D_N720-D	0	0	0	0	11060.0	0	0	0	0	0	0	0	0	0	0	0	0	0	0	0	0	0	0	0	0	0	0	0	0	0	0	0	0	0	0	0	0	0
63101	S_16_E0625_256_EH-16S_18S_16S_amplicon_S510-A_N714-A	0	0	0	0	8431.0	0	0	0	0	0	0	0	0	0	0	0	0	0	0	0	0	0	0	0	0	0	0	0	0	0	0	0	0	0	0	0	0	0
63012	S_16_E0828_623_EH-16S_18S_16S_amplicon_S513-D_N718-D	0	0	0	0	9279.0	0	0	0	0	0	0	0	0	0	0	0	0	0	0	0	0	0	0	0	0	0	0	0	0	0	0	0	0	0	0	0	0	0
63043	S_16_E0863_639_EH-16S_18S_16S_amplicon_S517-D_N720-D	0	0	0	0	9834.0	0	0	0	0	0	0	0	0	0	0	0	0	0	0	0	0	0	0	0	0	0	0	0	0	0	0	0	0	0	0	0	0	0
62928	S_16_E0876_670_EH-16S_18S_16S_amplicon_S518-D_N722-D	0	0	0	0	9398.0	0	0	0	0	0	0	0	0	0	0	0	0	0	0	0	0	0	0	0	0	0	0	0	0	0	0	0	0	0	125.0	0	0	0
62839	S_16_E0900_682_EH-16S_18S_16S_amplicon_S521-D_N723-D	0	0	0	0	11981.0	0	0	0	0	0	0	0	0	0	0	0	0	0	0	0	0	0	0	0	0	0	0	0	0	0	0	0	0	0	0	0	0	0
62921	S_16_E0872_618_EH-16S_18S_16S_amplicon_S518-D_N718-D	265.0	0	0	0	15224.0	0	0	0	0	0	0	0	0	0	0	0	0	0	0	0	0	0	0	0	0	0	0	0	0	0	0	0	0	0	0	0	0	0
62950	S_16_E0669_358_EH-16S_18S_16S_amplicon_S505-B_N726-B	0	0	0	0	9298.0	0	0	0	0	0	0	0	0	0	0	0	0	0	0	0	0	0	0	0	0	0	0	0	0	0	0	0	0	0	0	0	0	0
62843	S_16_E0722_283_EH-16S_18S_16S_amplicon_S511-B_N718-B	0	0	0	0	5014.0	0	0	0	0	0	0	0	0	0	0	0	0	0	0	0	0	0	0	0	0	0	0	0	0	0	0	0	0	0	0	0	0	0
62825	S_16_E0639_282_EH-16S_18S_16S_amplicon_S502-B_N716-B	0	0	0	0	12985.0	0	0	0	0	0	0	0	0	0	0	0	0	0	0	0	0	0	0	0	0	0	0	0	0	0	0	0	0	0	0	0	0	0
63125	S_16_E0841_651_EH-16S_18S_16S_amplicon_S515-D_N720-D	0	0	0	0	8823.0	0	0	0	0	0	0	0	0	0	0	0	0	0	0	0	0	0	0	0	0	0	0	0	0	0	0	0	0	0	0	0	0	0
62947	S_16_E0693_356_EH-16S_18S_16S_amplicon_S507-B_N726-B	0	0	0	0	10633.0	0	0	0	0	0	0	0	0	0	0	0	0	0	0	0	0	0	0	0	0	0	0	0	0	0	0	0	0	0	0	0	0	0
62894	S_16_E0717_354_EH-16S_18S_16S_amplicon_S510-B_N726-B	636.0	0	0	0	15118.0	0	0	0	0	0	0	0	0	0	0	0	0	0	0	0	0	0	0	0	0	0	0	0	0	0	0	0	0	0	0	0	0	0
62939	S_16_E0839_621_EH-16S_18S_16S_amplicon_S515-D_N718-D	302.0	0	0	0	12060.0	0	0	0	0	0	0	0	0	0	0	0	0	0	0	0	0	0	0	0	0	0	0	0	0	0	0	0	0	0	0	0	0	0
62857	S_16_E0861_619_EH-16S_18S_16S_amplicon_S517-D_N718-D	517.0	0	0	0	13148.0	0	0	0	0	0	0	0	0	0	0	0	0	0	0	0	0	0	0	0	0	0	0	0	0	0	0	0	0	0	0	0	0	0
62868	S_16_E0896_625_EH-16S_18S_16S_amplicon_S521-D_N719-D	0	0	0	0	19319.0	0	0	0	0	0	0	0	0	0	0	0	0	0	0	0	0	0	0	0	0	0	0	0	0	0	0	0	0	0	0	0	0	0
62959	S_16_E0911_664_EH-16S_18S_16S_amplicon_S522-D_N722-D	0	0	0	0	9704.0	0	0	0	0	0	0	0	0	0	0	0	0	0	0	0	0	0	0	0	0	0	0	0	0	0	0	0	0	0	0	0	0	0
63065	S_16_E0614_268_EH-16S_18S_16S_amplicon_S508-A_N715-A	0	0	0	0	12443.0	0	0	0	0	0	0	0	0	0	0	0	0	0	0	0	0	0	0	0	0	0	0	0	702.0	0	0	0	0	0	0	0	0	0
62933	S_16_E0729_353_EH-16S_18S_16S_amplicon_S511-B_N726-B	1279.0	0	0	0	17785.0	0	0	0	0	0	0	0	0	0	0	0	0	0	0	0	0	0	0	0	0	0	0	0	0	0	0	0	0	0	0	0	0	0
63044	S_16_E0718_363_EH-16S_18S_16S_amplicon_S510-B_N727-B	999.0	0	0	0	15615.0	0	0	0	0	0	0	0	0	0	0	0	0	0	0	0	0	0	0	0	0	0	0	0	0	0	0	0	0	0	0	0	0	0
63061	S_16_E0854_675_EH-16S_18S_16S_amplicon_S516-D_N722-D	0	0	0	0	11179.0	0	0	0	0	0	0	0	0	0	0	0	0	0	0	0	0	0	0	0	0	0	0	0	0	0	0	0	0	0	0	0	0	0
63099	S_16_E0647_360_EH-16S_18S_16S_amplicon_S502-B_N726-B	0	0	0	0	13279.0	0	0	0	0	0	0	0	0	0	0	0	0	0	0	0	0	0	0	0	0	0	0	0	0	0	0	0	0	0	0	0	0	0
62881	S_16_E0676_308_EH-16S_18S_16S_amplicon_S506-B_N720-B	0	0	0	0	13382.0	0	0	0	0	0	0	0	0	0	0	0	0	0	0	0	0	0	0	0	0	0	0	0	772.0	0	0	0	0	0	0	0	0	0
63157	S_16_E0852_641_EH-16S_18S_16S_amplicon_S516-D_N720-D	0	0	0	0	8913.0	0	0	0	0	0	0	0	0	0	0	0	0	0	0	0	0	0	0	0	0	0	0	0	0	0	0	0	0	0	0	0	0	0
63058	S_16_E0909_632_EH-16S_18S_16S_amplicon_S522-D_N720-D	0	0	0	0	15921.0	0	0	0	0	0	0	0	0	0	0	0	0	0	0	0	0	0	0	0	0	0	0	0	0	0	0	0	0	0	0	0	0	0
62817	S_16_E0724_303_EH-16S_18S_16S_amplicon_S511-B_N720-B	0	0	0	0	14623.0	0	0	0	0	0	0	0	0	0	0	0	0	0	0	0	0	0	0	0	0	0	0	0	0	0	0	0	0	0	0	0	0	0
63069	S_16_E0694_366_EH-16S_18S_16S_amplicon_S507-B_N727-B	0	0	0	0	13332.0	0	0	0	0	0	0	0	0	0	0	0	0	0	0	0	0	0	0	0	0	0	0	0	0	0	0	0	0	0	0	0	0	0
63137	S_16_E0831_663_EH-16S_18S_16S_amplicon_S513-D_N721-D	0	0	0	0	9783.0	0	0	0	0	0	0	0	0	0	0	0	0	0	0	0	0	0	0	0	0	0	0	0	0	0	0	0	0	0	0	0	0	0
63074	S_16_E0885_637_EH-16S_18S_16S_amplicon_S520-D_N720-D	0	1520.0	0	0	16135.0	0	0	0	0	0	0	0	0	0	0	0	0	0	0	0	0	0	0	0	0	0	0	0	0	0	0	0	0	0	0	0	0	0
62820	S_16_E0601_258_EH-16S_18S_16S_amplicon_S507-A_N714-A	1015.0	0	0	0	9505.0	0	0	0	0	0	0	0	0	0	0	0	0	0	0	0	0	0	0	0	0	0	0	0	0	0	0	0	0	0	0	0	0	0
62827	S_16_E0613_257_EH-16S_18S_16S_amplicon_S508-A_N714-A	449.0	0	0	0	7265.0	0	0	0	0	0	0	0	0	0	0	0	0	0	0	0	0	0	0	0	0	0	0	0	0	0	0	0	0	0	0	0	0	0
62851	S_16_E0912_680_EH-16S_18S_16S_amplicon_S522-D_N723-D	2873.0	0	0	0	6341.0	0	0	0	0	0	0	0	0	0	0	0	0	0	0	0	0	0	0	0	0	0	0	0	0	0	0	0	0	0	0	0	0	0
62966	S_16_E0882_547_EH-16S_18S_16S_amplicon_S520-D_N716-D	0	0	0	0	0	0	0	0	0	0	0	0	0	0	0	0	0	0	0	0	0	0	0	0	0	0	0	0	18788.0	0	0	0	0	0	0	0	0	0
62997	S_16_E0688_307_EH-16S_18S_16S_amplicon_S507-B_N720-B	0	0	0	0	0	0	0	0	0	0	0	0	0	0	0	0	0	0	0	0	0	0	0	0	0	0	0	0	14333.0	0	0	0	0	0	0	0	0	0
63158	S_16_E0848_743_EH-16S_18S_16S_amplicon_S515-D_N728-D	0	0	0	0	0	0	0	0	0	0	0	0	0	0	0	0	0	0	0	0	0	0	0	0	0	0	0	0	15538.0	0	0	0	0	0	0	0	0	0
62909	S_16_E0777_528_EH-16S_18S_16S_amplicon_S517-C_N714-C	0	0	0	0	0	0	0	0	0	0	0	0	0	0	0	0	0	0	0	0	0	0	0	0	0	0	0	0	9319.0	0	0	0	0	0	0	0	0	0
62828	S_16_E0836_735_EH-16S_18S_16S_amplicon_S513-D_N727-D	0	0	0	0	0	0	0	0	0	0	0	0	0	0	0	0	0	0	0	0	0	0	0	0	0	0	0	0	15047.0	0	0	0	0	0	0	0	0	0
63076	S_16_E0732_396_EH-16S_18S_16S_amplicon_S511-B_N729-B	0	0	0	0	0	0	0	0	0	0	0	0	0	0	0	0	0	0	0	0	0	0	0	0	0	0	0	0	33432.0	0	0	0	0	0	0	0	0	0
62945	S_16_E0579_148_EH-16S_18S_16S_amplicon_S506-A_N701-A	0	0	0	0	0	0	0	0	0	0	0	0	0	0	0	0	0	0	0	0	0	0	0	0	0	0	0	0	24783.0	0	0	0	0	0	0	0	0	0
63038	S_16_E0804_413_EH-16S_18S_16S_amplicon_S521-C_N702-C	0	0	0	0	0	0	0	0	0	0	0	0	0	0	0	0	0	0	0	0	0	0	0	0	0	0	0	0	24606.0	0	0	0	0	0	0	0	0	0
63109	S_16_E0871_548_EH-16S_18S_16S_amplicon_S518-D_N716-D	0	0	0	0	0	0	0	0	0	0	0	0	0	0	0	0	0	0	0	0	0	0	0	0	0	0	0	0	20394.0	0	0	0	0	0	0	0	0	0
63112	S_16_E0661_279_EH-16S_18S_16S_amplicon_S505-B_N716-B	0	0	0	0	0	0	0	0	0	0	0	0	0	0	0	0	0	0	0	0	0	0	0	0	0	0	0	0	19191.0	0	0	0	0	0	0	0	0	0
62962	S_16_E0631_182_EH-16S_18S_16S_amplicon_S511-A_N705-A	0	0	0	0	0	0	0	0	0	0	0	0	0	0	0	0	0	0	0	0	0	0	0	0	0	0	0	0	17754.0	0	0	0	0	0	0	0	0	0
63138	S_16_E0649_395_EH-16S_18S_16S_amplicon_S502-B_N728-B	0	0	0	0	0	0	0	0	0	0	0	0	0	0	0	0	0	0	0	0	0	0	0	0	0	0	0	0	18973.0	0	0	0	0	0	0	0	0	0
62917	S_16_E0859_742_EH-16S_18S_16S_amplicon_S516-D_N728-D	0	0	0	0	0	0	0	0	0	0	0	0	0	0	0	0	0	0	0	0	0	0	0	0	0	0	0	0	12752.0	0	0	0	0	0	0	0	0	0
63075	S_16_E0903_729_EH-16S_18S_16S_amplicon_S521-D_N727-D	0	0	0	0	0	0	0	0	0	0	0	0	0	0	0	0	0	0	0	0	0	0	0	0	0	0	0	0	15939.0	0	0	0	0	0	0	0	0	0
62982	S_16_E0615_145_EH-16S_18S_16S_amplicon_S510-A_N701-A	0	0	0	0	0	0	0	0	0	0	0	0	0	0	0	0	0	0	0	0	0	0	0	0	0	0	0	0	23730.0	0	0	0	0	0	0	0	0	0
62819	S_16_E0892_738_EH-16S_18S_16S_amplicon_S520-D_N728-D	0	0	0	0	0	0	0	0	0	0	0	0	0	0	0	0	0	0	0	0	0	0	0	0	0	0	0	0	15375.0	0	0	0	0	0	0	0	0	0
63006	S_16_E0547_170_EH-16S_18S_16S_amplicon_S502-A_N703-A	0	0	0	0	0	0	0	0	0	0	0	0	0	0	0	0	0	0	0	0	0	0	0	0	0	0	0	0	22262.0	0	0	0	0	0	0	0	0	0
63070	S_16_E0595_188_EH-16S_18S_16S_amplicon_S507-A_N705-A	0	0	0	0	0	0	0	0	0	0	0	0	0	0	0	0	0	0	0	0	0	0	0	0	0	0	0	0	15713.0	0	0	0	0	0	0	0	0	0
62877	S_16_E0816_412_EH-16S_18S_16S_amplicon_S522-C_N702-C	0	0	0	0	0	0	0	0	0	0	0	0	0	0	0	0	0	0	0	0	0	0	0	0	0	0	0	0	20325.0	0	0	0	0	0	0	0	0	0
63135	S_16_E0766_542_EH-16S_18S_16S_amplicon_S516-C_N715-C	0	0	0	0	0	0	0	0	0	0	0	0	0	0	0	0	0	0	0	0	0	0	0	0	0	0	0	0	8334.0	0	0	0	0	0	0	0	0	0
63056	S_16_E0755_408_EH-16S_18S_16S_amplicon_S516-C_N701-C	0	0	0	0	0	0	0	0	0	0	0	0	0	0	0	0	0	0	0	0	0	0	0	0	0	0	0	0	30153.0	0	0	0	0	0	0	0	0	0
63003	S_16_E0638_266_EH-16S_18S_16S_amplicon_S511-A_N715-A	0	0	0	0	0	0	304.0	0	0	0	0	0	0	0	0	0	0	0	0	0	0	0	0	0	0	0	0	0	26143.0	0	0	0	0	0	0	0	0	0
62924	S_16_E0618_172_EH-16S_18S_16S_amplicon_S510-A_N704-A	0	0	0	0	0	0	0	0	0	0	0	0	0	0	0	0	0	0	0	0	0	0	0	0	0	0	0	0	20901.0	0	0	0	0	0	0	0	0	0
63020	S_16_E0619_186_EH-16S_18S_16S_amplicon_S510-A_N705-A	0	0	0	0	0	0	0	0	0	0	0	0	0	0	0	0	0	0	0	0	0	0	0	0	0	0	0	0	13830.0	0	0	0	0	0	0	0	0	0
63156	S_16_E0628_152_EH-16S_18S_16S_amplicon_S511-A_N702-A	0	0	0	0	0	0	0	0	0	0	0	0	0	0	0	0	0	0	0	0	0	0	0	0	0	0	0	0	26509.0	0	0	0	0	0	0	0	0	0
62804	S_16_E0672_401_EH-16S_18S_16S_amplicon_S505-B_N729-B	0	0	0	0	0	0	0	0	0	0	0	0	0	0	0	0	0	0	0	0	0	0	0	0	0	0	0	0	15518.0	0	0	0	0	0	0	0	0	0
63071	S_16_E0725_313_EH-16S_18S_16S_amplicon_S511-B_N721-B	0	0	0	0	0	27716.0	0	0	0	0	0	0	0	0	0	0	0	0	0	0	0	0	0	0	0	0	0	0	0	0	0	0	0	0	0	0	0	0
63127	S_16_E0651_291_EH-16S_18S_16S_amplicon_S503-B_N718-B	0	0	0	0	0	17113.0	0	0	0	0	0	0	0	0	0	0	0	0	0	0	0	0	0	0	0	0	0	0	0	0	0	0	0	0	0	0	0	0
62973	S_16_E0795_466_EH-16S_18S_16S_amplicon_S520-C_N705-C	0	0	0	0	0	28455.0	0	0	0	0	0	0	0	0	0	0	0	0	0	0	0	0	0	0	0	0	0	0	0	0	0	0	0	0	0	0	0	0
63080	S_16_E0699_296_EH-16S_18S_16S_amplicon_S508-B_N719-B	0	0	0	0	0	15123.0	0	0	0	0	0	0	0	0	0	0	0	0	0	0	0	0	0	0	0	0	0	0	0	0	0	0	0	0	0	0	0	0
62961	S_16_E0783_467_EH-16S_18S_16S_amplicon_S518-C_N705-C	0	0	0	0	0	20005.0	0	0	0	0	0	0	0	0	0	0	0	0	0	0	0	0	0	0	0	0	0	0	0	0	0	0	0	0	0	0	0	0
62935	S_16_E0576_252_EH-16S_18S_16S_amplicon_S505-A_N712-A	0	0	0	0	0	19942.0	0	0	0	0	0	0	0	0	0	0	0	0	0	0	0	0	0	0	0	0	0	0	0	0	0	0	0	0	0	0	0	0
62810	S_16_E0819_464_EH-16S_18S_16S_amplicon_S522-C_N705-C	0	0	0	0	0	13853.0	0	0	0	0	0	0	0	0	0	0	0	0	0	0	0	0	0	0	0	0	0	0	0	0	0	0	0	0	0	0	0	0
62886	S_16_E0640_292_EH-16S_18S_16S_amplicon_S502-B_N718-B	0	0	0	0	0	12586.0	0	0	0	0	0	0	0	0	0	0	0	0	0	0	0	0	0	0	0	0	0	0	0	0	0	0	0	0	0	0	0	0
63141	S_16_E0623_237_EH-16S_18S_16S_amplicon_S510-A_N711-A	0	0	0	0	0	12042.0	0	0	0	0	0	0	0	0	0	0	0	0	0	0	0	0	0	0	0	0	0	0	0	0	0	0	0	0	0	0	0	0
62922	S_16_E0806_457_EH-16S_18S_16S_amplicon_S521-C_N704-C	0	0	0	0	0	17396.0	0	0	0	0	0	0	0	0	0	0	0	0	0	0	0	0	0	0	0	0	0	0	0	0	0	0	0	0	0	0	0	0
62876	S_16_E0807_465_EH-16S_18S_16S_amplicon_S521-C_N705-C	0	0	0	0	0	17444.0	0	0	0	0	0	0	0	0	0	0	0	0	0	0	0	0	0	0	0	0	0	0	0	0	0	0	0	0	0	0	0	0
63050	S_16_E0635_236_EH-16S_18S_16S_amplicon_S511-A_N711-A	0	0	0	0	0	17812.0	0	0	0	0	0	0	0	0	0	0	0	0	0	0	0	0	0	0	0	0	0	0	0	0	0	0	0	0	0	0	0	0
62938	S_16_E0818_456_EH-16S_18S_16S_amplicon_S522-C_N704-C	0	0	0	0	0	17988.0	0	0	0	0	0	0	0	0	0	0	0	0	0	0	0	0	0	0	0	0	0	0	0	0	0	0	0	0	0	0	0	0
63072	S_16_E0624_247_EH-16S_18S_16S_amplicon_S510-A_N712-A	0	0	0	0	0	9859.0	0	0	0	0	0	0	0	0	0	0	0	0	0	0	0	0	0	0	0	0	0	0	0	0	0	0	0	0	0	0	0	0
63136	S_16_E0736_463_EH-16S_18S_16S_amplicon_S513-C_N704-C	0	0	0	0	0	14614.0	0	0	0	0	0	0	0	0	0	0	0	0	0	0	0	0	0	0	0	0	0	0	0	0	0	0	0	0	0	0	0	0
62860	S_16_E0600_250_EH-16S_18S_16S_amplicon_S507-A_N712-A	0	0	0	0	0	12696.0	0	0	0	0	0	0	0	0	0	0	0	0	0	0	0	0	0	0	0	0	0	0	0	0	0	0	0	0	0	0	0	0
62821	S_16_E0554_254_EH-16S_18S_16S_amplicon_S502-A_N712-A	0	0	0	0	0	13895.0	0	0	0	0	0	0	0	0	0	0	0	0	0	0	0	0	0	0	0	0	0	0	0	0	0	0	0	0	0	0	0	0
63111	S_16_E0735_455_EH-16S_18S_16S_amplicon_S513-C_N703-C	0	0	0	0	0	19680.0	0	0	0	0	0	0	0	0	0	0	0	0	0	0	0	0	0	0	0	0	0	0	0	0	200.0	0	0	0	0	0	0	0
63110	S_16_E0746_454_EH-16S_18S_16S_amplicon_S515-C_N703-C	0	0	0	0	0	12948.0	0	0	0	0	0	0	0	0	0	0	0	0	0	0	0	0	0	0	0	0	0	0	0	0	0	0	0	0	126.0	0	0	0
63010	S_16_E0794_458_EH-16S_18S_16S_amplicon_S520-C_N704-C	0	0	0	0	0	13456.0	0	0	0	0	0	0	0	0	0	0	0	0	0	0	0	0	0	0	0	0	0	0	168.0	0	0	0	0	0	0	0	0	0
62977	S_16_E0747_462_EH-16S_18S_16S_amplicon_S515-C_N704-C	0	0	0	0	0	12803.0	0	0	0	0	0	0	0	0	0	0	0	0	0	0	0	0	0	0	0	0	0	0	0	0	169.0	0	0	0	0	0	0	0
63115	S_16_E0563_234_EH-16S_18S_16S_amplicon_S503-A_N710-A	0	0	0	0	0	12695.0	0	0	0	0	0	0	0	0	0	0	0	0	0	0	0	0	0	0	0	0	0	0	0	0	0	0	0	0	0	0	0	0
63095	S_16_E0622_228_EH-16S_18S_16S_amplicon_S510-A_N710-A	444.0	0	0	0	0	13681.0	0	0	0	0	0	0	0	0	0	0	0	0	0	0	0	0	0	0	0	0	0	0	0	0	0	0	0	0	0	0	0	0
62978	S_16_E0782_459_EH-16S_18S_16S_amplicon_S518-C_N704-C	307.0	0	0	0	0	15008.0	0	0	0	0	0	0	0	0	0	0	0	0	0	0	0	0	0	0	0	0	0	0	0	0	0	0	0	229.0	0	0	0	0
62794	S_16_E0653_311_EH-16S_18S_16S_amplicon_S503-B_N720-B	1342.0	0	0	0	0	20242.0	0	0	0	0	0	0	0	0	0	0	0	0	0	0	0	0	0	0	0	0	0	0	0	0	0	0	0	0	0	0	0	0
62829	S_16_E0598_231_EH-16S_18S_16S_amplicon_S507-A_N710-A	0	0	0	0	0	8749.0	0	0	0	0	0	0	0	0	0	0	0	0	0	0	0	0	0	0	0	0	0	0	0	0	0	635.0	0	0	0	0	0	0
62958	S_16_E0770_460_EH-16S_18S_16S_amplicon_S517-C_N704-C	2107.0	0	0	0	0	12091.0	0	0	0	0	0	0	0	0	0	0	0	0	0	0	0	0	0	0	0	0	0	0	0	0	0	0	0	0	0	0	0	0
62849	S_16_E0758_461_EH-16S_18S_16S_amplicon_S516-C_N704-C	1960.0	0	0	0	0	10376.0	0	0	0	0	0	0	0	0	0	0	0	0	0	0	0	0	0	0	0	0	0	0	0	0	0	0	0	0	0	0	0	0
63045	S_16_E0687_297_EH-16S_18S_16S_amplicon_S507-B_N719-B	0	0	0	0	0	0	13700.0	0	0	0	0	0	0	0	0	0	0	0	0	0	0	0	0	0	0	0	0	0	0	0	0	0	0	0	0	0	0	0
63118	S_16_E0675_298_EH-16S_18S_16S_amplicon_S506-B_N719-B	0	0	0	0	0	0	18723.0	0	0	0	0	0	0	0	0	0	0	0	0	0	0	0	0	0	0	0	0	0	0	0	0	0	0	0	0	0	0	0
62930	S_16_E0642_312_EH-16S_18S_16S_amplicon_S502-B_N720-B	0	0	0	0	0	0	17040.0	0	0	0	0	0	0	0	0	0	0	0	0	0	0	0	0	0	0	0	0	0	0	0	0	0	0	0	0	0	0	0
62811	S_16_E0686_287_EH-16S_18S_16S_amplicon_S507-B_N718-B	0	0	0	0	0	0	12407.0	0	0	0	0	0	0	0	0	0	0	0	0	0	0	0	0	0	0	0	0	0	0	0	0	0	0	0	0	0	0	0
62893	S_16_E0662_290_EH-16S_18S_16S_amplicon_S505-B_N718-B	0	0	0	0	0	0	16106.0	0	0	0	0	0	0	0	0	0	0	0	0	0	0	0	0	0	0	0	0	0	0	0	0	0	0	0	0	0	0	0
63040	S_16_E0701_316_EH-16S_18S_16S_amplicon_S508-B_N721-B	0	0	0	0	0	0	20505.0	0	0	0	0	0	0	0	0	0	0	0	0	0	0	0	0	0	0	0	0	0	0	0	0	0	0	0	0	0	0	0
63134	S_16_E0739_487_EH-16S_18S_16S_amplicon_S513-C_N707-C	0	0	0	0	0	0	11632.0	0	0	0	0	0	0	0	0	0	0	0	0	0	0	0	0	0	0	0	0	0	0	0	0	0	0	0	0	0	0	0
62951	S_16_E0566_264_EH-16S_18S_16S_amplicon_S503-A_N714-A	0	0	0	0	0	0	11342.0	0	0	0	0	0	0	0	0	0	0	0	0	0	0	0	0	0	0	0	0	0	0	0	0	0	0	0	0	0	0	0
62791	S_16_E0821_480_EH-16S_18S_16S_amplicon_S522-C_N707-C	0	0	0	0	0	0	11355.0	0	0	0	0	0	0	0	0	0	0	0	0	0	0	0	0	0	0	0	0	0	0	0	0	0	0	0	0	0	0	0
63008	S_16_E0750_486_EH-16S_18S_16S_amplicon_S515-C_N707-C	0	0	0	0	0	0	12105.0	0	0	0	0	0	0	0	0	0	0	0	0	0	0	0	0	0	0	0	0	0	0	0	0	0	0	0	0	0	0	0
62956	S_16_E0785_483_EH-16S_18S_16S_amplicon_S518-C_N707-C	0	0	0	0	0	0	13951.0	0	0	0	0	0	0	0	0	0	0	0	0	0	0	0	0	0	0	0	0	0	0	0	0	0	0	0	0	0	0	0
62842	S_16_E0723_293_EH-16S_18S_16S_amplicon_S511-B_N719-B	0	0	0	0	0	0	20527.0	0	0	0	0	0	0	0	0	0	0	0	0	0	0	0	0	0	0	0	0	0	0	0	0	0	0	0	0	0	0	0
63019	S_16_E0809_481_EH-16S_18S_16S_amplicon_S521-C_N707-C	0	0	0	0	0	0	19258.0	0	0	0	0	0	0	0	0	0	0	0	0	0	0	0	0	0	0	0	0	0	0	0	0	0	0	0	0	0	0	0
63053	S_16_E0609_212_EH-16S_18S_16S_amplicon_S508-A_N707-A	0	0	0	0	0	0	10491.0	0	0	0	0	0	0	0	0	0	0	0	0	0	0	0	0	0	0	0	0	0	0	0	0	0	0	0	0	0	0	0
63078	S_16_E0797_482_EH-16S_18S_16S_amplicon_S520-C_N707-C	0	0	0	0	0	0	14199.0	0	0	0	0	0	0	0	0	0	0	0	0	0	0	0	0	0	0	0	0	0	0	0	0	0	0	0	0	0	0	0
62983	S_16_E0761_485_EH-16S_18S_16S_amplicon_S516-C_N707-C	0	0	0	0	0	0	9215.0	0	0	0	0	0	0	0	0	0	0	0	0	0	0	0	0	0	0	0	0	0	0	0	0	0	0	0	0	0	0	0
62801	S_16_E0822_488_EH-16S_18S_16S_amplicon_S522-C_N710-C	0	0	0	0	0	0	12671.0	0	0	0	0	0	0	0	0	0	0	0	0	0	0	0	0	0	0	0	0	0	0	0	0	0	0	0	0	0	0	0
63016	S_16_E0897_635_EH-16S_18S_16S_amplicon_S521-D_N720-D	0	0	0	0	0	0	20295.0	0	0	0	0	0	0	0	0	0	0	0	0	0	0	0	0	0	0	0	0	0	0	0	0	0	0	0	0	0	0	0
62923	S_16_E0555_265_EH-16S_18S_16S_amplicon_S502-A_N714-A	0	0	0	0	0	0	12504.0	0	0	0	0	0	0	0	0	0	0	0	0	0	0	0	0	0	0	0	0	0	0	0	0	0	0	0	0	0	0	0
62853	S_16_E0773_484_EH-16S_18S_16S_amplicon_S517-C_N707-C	0	0	0	0	0	0	8518.0	0	0	0	0	0	0	0	0	0	0	0	0	0	0	0	0	0	0	0	0	0	0	0	0	0	0	0	0	0	0	0
62844	S_16_E0864_659_EH-16S_18S_16S_amplicon_S517-D_N721-D	0	0	0	0	0	0	9644.0	0	0	0	0	0	0	0	0	0	0	0	0	0	0	0	0	0	0	0	0	0	0	0	0	0	0	0	0	0	0	0
63131	S_16_E0674_289_EH-16S_18S_16S_amplicon_S506-B_N718-B	0	0	0	0	0	0	15494.0	0	0	0	0	0	0	0	0	0	0	0	0	0	0	0	0	0	0	0	0	0	0	0	0	0	0	0	0	0	0	0
63107	S_16_E0763_509_EH-16S_18S_16S_amplicon_S516-C_N711-C	0	0	0	0	0	0	0	10471.0	0	0	0	0	0	0	0	0	0	0	0	0	0	0	0	0	0	0	0	0	0	0	0	0	0	0	0	0	0	0
63130	S_16_E0645_342_EH-16S_18S_16S_amplicon_S502-B_N723-B	0	0	0	0	0	0	0	12030.0	0	0	0	0	0	0	0	0	0	0	0	0	0	0	0	0	0	0	0	0	0	0	0	0	0	0	0	0	0	0
62798	S_16_E0728_343_EH-16S_18S_16S_amplicon_S511-B_N724-B	0	0	0	0	0	0	0	15831.0	0	0	0	0	0	0	0	0	0	0	0	0	0	0	0	0	0	0	0	0	0	0	0	0	0	0	0	0	0	0
62911	S_16_E0581_167_EH-16S_18S_16S_amplicon_S506-A_N703-A	0	0	0	0	0	0	0	12618.0	0	0	0	0	0	0	0	0	0	0	0	0	0	0	0	0	0	0	0	0	0	0	384.0	0	0	0	0	0	0	0
63081	S_16_E0716_344_EH-16S_18S_16S_amplicon_S510-B_N724-B	0	0	0	0	0	0	0	15751.0	0	0	0	0	0	0	0	0	0	0	0	0	0	0	0	0	0	0	0	0	0	0	0	0	0	0	0	0	0	0
62874	S_16_E0580_157_EH-16S_18S_16S_amplicon_S506-A_N702-A	0	0	0	0	0	0	0	11647.0	0	0	0	0	0	0	0	0	0	0	0	0	0	0	0	0	0	0	0	0	0	0	0	0	0	0	0	0	0	0
63117	S_16_E0890_704_EH-16S_18S_16S_amplicon_S520-D_N726-D	0	0	0	0	0	0	0	8995.0	0	0	0	0	0	0	0	0	0	0	0	0	0	0	0	0	0	0	0	0	0	0	0	0	0	141.0	0	0	0	0
62952	S_16_E0564_243_EH-16S_18S_16S_amplicon_S503-A_N711-A	0	0	0	0	0	0	0	6405.0	0	0	0	0	0	0	0	0	0	0	0	0	0	0	0	0	0	0	0	0	0	0	0	0	0	0	0	0	0	0
63014	S_16_E0562_222_EH-16S_18S_16S_amplicon_S503-A_N707-A	0	0	0	0	0	0	0	7393.0	0	0	0	0	0	0	0	0	0	0	0	0	0	0	0	0	0	0	0	0	0	0	0	0	0	0	0	0	0	0
63024	S_16_E0914_702_EH-16S_18S_16S_amplicon_S522-D_N726-D	0	0	0	0	0	0	0	8383.0	0	0	0	0	0	0	0	0	0	0	0	0	0	0	0	0	0	0	0	0	0	0	0	0	0	0	0	0	0	0
63126	S_16_E0776_517_EH-16S_18S_16S_amplicon_S517-C_N712-C	0	0	0	0	0	0	0	9608.0	0	0	0	0	0	0	0	0	0	0	0	0	0	0	0	0	0	0	0	0	0	0	0	0	0	0	0	0	0	0
62815	S_16_E0584_204_EH-16S_18S_16S_amplicon_S506-A_N706-A	0	0	0	0	0	0	0	9833.0	0	0	0	0	0	0	0	0	0	0	0	0	0	0	0	0	0	0	0	0	0	0	0	0	0	0	0	0	0	0
62915	S_16_E0569_168_EH-16S_18S_16S_amplicon_S505-A_N703-A	0	0	0	0	0	0	0	12466.0	0	0	0	0	0	0	0	0	0	0	0	0	0	0	0	0	0	0	0	0	0	0	0	0	0	0	0	0	0	0
62861	S_16_E0878_697_EH-16S_18S_16S_amplicon_S518-D_N724-D	0	0	0	0	0	0	0	6769.0	0	0	0	0	0	0	0	0	0	0	0	0	0	0	0	0	0	0	0	0	0	0	0	0	0	0	0	0	0	0
62972	S_16_E0824_513_EH-16S_18S_16S_amplicon_S522-C_N712-C	497.0	0	0	0	0	0	0	7284.0	0	0	0	0	0	0	0	0	0	0	0	0	0	0	0	0	0	0	0	0	0	0	0	0	0	0	0	0	0	0
62832	S_16_E0680_348_EH-16S_18S_16S_amplicon_S506-B_N724-B	208.0	0	0	0	0	0	0	13378.0	0	0	0	0	0	0	0	0	0	0	0	0	0	0	0	0	0	0	0	0	0	0	0	0	0	0	0	0	0	0
63140	S_16_E0667_340_EH-16S_18S_16S_amplicon_S505-B_N723-B	941.0	0	0	0	0	0	0	16626.0	0	0	0	0	0	0	0	0	0	0	0	0	0	0	0	0	0	0	0	0	0	0	0	0	0	0	0	0	0	0
63060	S_16_E0592_155_EH-16S_18S_16S_amplicon_S507-A_N702-A	0	0	0	0	0	0	0	8155.0	0	0	0	0	0	0	0	0	0	0	0	0	0	0	0	0	0	0	0	0	0	0	0	0	0	0	0	0	0	0
63160	S_16_E0703_336_EH-16S_18S_16S_amplicon_S508-B_N723-B	0	1097.0	0	0	0	0	0	17181.0	0	0	0	0	0	0	0	0	0	0	0	0	0	0	0	0	0	0	0	0	0	0	0	0	0	0	0	0	0	0
63121	S_16_E0644_333_EH-16S_18S_16S_amplicon_S502-B_N722-B	858.0	0	0	0	0	0	0	8643.0	0	0	0	0	0	0	0	0	0	0	0	0	0	0	0	0	0	0	0	0	0	0	0	0	0	0	0	0	0	0
63104	S_16_E0810_495_EH-16S_18S_16S_amplicon_S521-C_N710-C	2782.0	0	0	0	0	0	0	12517.0	0	0	0	0	0	0	0	0	0	0	0	0	0	0	0	0	0	0	0	0	0	0	0	0	0	0	0	0	0	0
62854	S_16_E0568_158_EH-16S_18S_16S_amplicon_S505-A_N702-A	2124.0	0	0	0	0	0	0	10289.0	0	0	0	0	0	0	0	0	0	0	0	0	0	0	0	0	0	0	0	0	0	0	0	0	0	0	0	0	0	0
62967	S_16_E0800_515_EH-16S_18S_16S_amplicon_S520-C_N712-C	4206.0	0	0	0	0	0	0	14857.0	0	0	0	0	0	0	0	0	0	0	0	0	0	0	0	0	0	0	0	0	0	0	0	0	0	0	0	0	0	0
63007	S_16_E0811_505_EH-16S_18S_16S_amplicon_S521-C_N711-C	0	0	0	0	0	0	0	0	14064.0	0	0	0	0	0	0	0	0	0	0	0	0	0	0	0	0	0	0	0	0	0	0	0	0	0	0	0	0	0
62989	S_16_E0654_321_EH-16S_18S_16S_amplicon_S503-B_N721-B	0	0	0	0	0	0	0	0	14453.0	0	0	0	0	0	0	0	0	0	0	0	0	0	0	0	0	0	0	0	0	0	0	0	0	0	0	0	0	0
62919	S_16_E0553_244_EH-16S_18S_16S_amplicon_S502-A_N711-A	0	0	0	0	0	0	0	0	5898.0	0	0	0	0	0	0	0	0	0	0	0	0	0	0	0	0	0	0	0	0	0	0	0	0	0	0	0	0	0
62960	S_16_E0666_329_EH-16S_18S_16S_amplicon_S505-B_N722-B	0	0	0	0	0	0	0	0	13967.0	0	0	0	0	0	0	0	0	0	0	0	0	0	0	0	0	0	0	0	0	0	0	0	0	0	0	0	0	0
63028	S_16_E0833_693_EH-16S_18S_16S_amplicon_S513-D_N723-D	0	0	0	0	0	0	0	0	7898.0	0	0	0	0	0	0	0	0	0	0	0	0	0	0	0	0	0	0	0	0	0	0	0	0	0	0	0	0	0
63052	S_16_E0665_320_EH-16S_18S_16S_amplicon_S505-B_N721-B	0	0	0	0	0	0	0	0	13686.0	0	0	0	0	0	0	0	0	0	0	0	0	0	0	0	0	0	0	0	0	0	0	0	0	0	0	0	0	0
62790	S_16_E0868_707_EH-16S_18S_16S_amplicon_S517-D_N726-D	0	0	0	0	0	0	0	0	7361.0	0	0	0	0	0	0	0	0	0	0	0	0	0	0	0	0	0	0	0	0	0	0	0	0	0	0	0	0	0
63049	S_16_E0753_520_EH-16S_18S_16S_amplicon_S515-C_N712-C	0	0	0	0	0	0	0	0	11098.0	0	0	0	0	0	0	0	0	0	0	0	0	0	0	0	0	0	0	0	0	0	0	0	0	0	0	0	0	0
63023	S_16_E0901_695_EH-16S_18S_16S_amplicon_S521-D_N724-D	0	0	0	0	0	0	0	0	13202.0	0	0	0	0	0	0	0	0	0	0	0	0	0	0	0	0	0	0	0	0	0	0	0	0	0	0	0	0	0
63062	S_16_E0606_173_EH-16S_18S_16S_amplicon_S508-A_N704-A	0	0	0	0	0	0	0	0	15770.0	0	0	0	0	0	0	0	0	0	0	0	0	0	0	0	0	0	0	0	879.0	0	0	0	0	0	0	0	0	0
62823	S_16_E0823_503_EH-16S_18S_16S_amplicon_S522-C_N711-C	1038.0	0	0	0	0	0	0	0	9223.0	0	0	0	0	0	0	0	0	0	0	0	0	0	0	0	0	0	0	0	0	0	0	0	0	0	0	0	0	0
62890	S_16_E0787_507_EH-16S_18S_16S_amplicon_S518-C_N711-C	0	0	0	0	0	0	0	0	12460.0	0	0	0	0	0	0	0	0	0	0	0	0	0	0	0	0	0	0	1554.0	0	0	0	0	0	0	0	0	0	0
63041	S_16_E0844_691_EH-16S_18S_16S_amplicon_S515-D_N723-D	1083.0	0	0	0	0	0	0	0	7150.0	0	0	0	0	0	0	0	0	0	0	0	0	0	0	0	0	0	0	0	0	0	0	0	0	0	0	0	0	0
63033	S_16_E0621_211_EH-16S_18S_16S_amplicon_S510-A_N707-A	1633.0	0	0	0	0	0	0	0	9517.0	0	0	0	0	0	0	0	0	0	0	0	0	0	0	0	0	0	0	0	0	0	0	0	0	0	0	0	0	0
63082	S_16_E0643_322_EH-16S_18S_16S_amplicon_S502-B_N721-B	2382.0	0	0	0	0	0	0	0	14893.0	0	0	0	0	0	0	0	0	0	0	0	0	0	0	0	0	0	0	0	0	0	0	0	0	0	0	0	0	0
62792	S_16_E0561_208_EH-16S_18S_16S_amplicon_S503-A_N706-A	0	0	0	0	0	0	0	0	4099.0	0	0	0	0	0	0	0	0	0	0	0	0	0	0	0	0	0	0	0	0	0	0	0	0	462.0	0	0	0	0
62970	S_16_E0801_526_EH-16S_18S_16S_amplicon_S520-C_N714-C	393.0	0	0	0	0	0	0	0	10512.0	0	0	0	0	0	0	0	0	0	0	0	0	0	0	0	0	0	0	0	0	0	0	0	0	0	0	0	0	0
62808	S_16_E0597_214_EH-16S_18S_16S_amplicon_S507-A_N707-A	2422.0	0	0	0	0	0	0	0	4225.0	0	0	0	0	0	0	0	0	0	0	0	0	0	0	0	0	0	0	0	0	0	0	670.0	0	0	0	0	0	0
62875	S_16_E0895_615_EH-16S_18S_16S_amplicon_S521-D_N718-D	0	0	0	0	0	0	0	0	0	16002.0	0	0	0	0	0	0	0	0	0	0	0	0	0	0	0	0	0	0	0	0	0	0	0	0	0	0	0	0
63151	S_16_E0886_656_EH-16S_18S_16S_amplicon_S520-D_N721-D	0	0	0	0	0	0	0	0	0	11668.0	0	0	0	0	0	0	0	0	0	0	0	0	0	0	0	0	0	0	0	0	0	0	0	0	0	0	0	0
63026	S_16_E0813_525_EH-16S_18S_16S_amplicon_S521-C_N714-C	0	0	0	0	0	0	0	0	0	7989.0	0	0	0	0	0	0	0	0	0	0	0	0	0	0	0	0	0	0	0	0	0	0	0	0	0	0	0	0
62955	S_16_E0887_669_EH-16S_18S_16S_amplicon_S520-D_N722-D	0	0	0	0	0	0	0	0	0	10080.0	0	0	0	0	0	0	0	0	0	0	0	0	0	0	0	0	0	0	0	0	0	0	0	0	0	0	0	0
63139	S_16_E0825_523_EH-16S_18S_16S_amplicon_S522-C_N714-C	0	0	0	0	0	0	0	0	0	8183.0	0	0	0	0	0	0	0	0	0	0	0	0	0	0	0	0	0	0	0	0	0	0	0	0	0	0	0	0
63001	S_16_E0695_378_EH-16S_18S_16S_amplicon_S507-B_N728-B	0	0	0	0	0	0	0	0	0	12754.0	0	0	0	0	0	0	0	0	0	0	0	0	0	0	0	0	0	0	0	0	0	0	0	0	0	0	0	0
62900	S_16_E0910_653_EH-16S_18S_16S_amplicon_S522-D_N721-D	0	0	0	0	0	0	0	0	0	15947.0	0	0	0	0	0	0	0	0	0	0	0	0	0	0	0	0	0	0	0	0	0	0	0	0	0	0	0	0
62789	S_16_E0898_655_EH-16S_18S_16S_amplicon_S521-D_N721-D	0	0	0	0	0	0	0	0	0	14733.0	0	0	0	0	0	0	0	0	0	0	0	0	0	0	0	0	0	0	0	0	0	0	0	0	0	0	0	0
62948	S_16_E0707_376_EH-16S_18S_16S_amplicon_S508-B_N728-B	0	0	0	0	0	0	0	0	0	13845.0	0	0	0	0	0	0	0	0	0	0	0	0	0	0	0	0	0	0	0	0	0	0	0	0	0	0	0	0
63152	S_16_E0587_241_EH-16S_18S_16S_amplicon_S506-A_N711-A	850.0	0	0	0	0	0	0	0	0	8503.0	0	0	0	0	0	0	0	0	0	0	0	0	0	0	0	0	0	0	0	0	0	0	0	0	0	0	0	0
62991	S_16_E0663_300_EH-16S_18S_16S_amplicon_S505-B_N719-B	0	0	0	0	0	0	0	0	0	11587.0	0	0	0	0	0	0	0	0	0	0	0	0	0	0	0	0	0	0	626.0	0	0	0	0	0	0	0	0	0
62901	S_16_E0575_242_EH-16S_18S_16S_amplicon_S505-A_N711-A	1069.0	0	0	0	0	0	0	0	0	5039.0	0	0	0	0	0	0	0	0	0	0	0	0	0	0	0	0	0	0	0	0	0	0	0	0	0	0	0	0
62871	S_16_E0626_267_EH-16S_18S_16S_amplicon_S510-A_N715-A	3010.0	0	0	0	0	0	0	0	0	13727.0	0	0	0	0	0	0	0	0	0	0	0	0	0	0	0	0	0	0	646.0	0	0	0	0	0	0	0	0	0
62969	S_16_E0634_226_EH-16S_18S_16S_amplicon_S511-A_N710-A	1931.0	0	0	0	0	0	0	0	0	9060.0	0	0	0	0	0	0	0	0	0	0	0	0	0	0	0	0	0	0	0	0	0	0	0	0	589.0	0	0	0
62845	S_16_E0856_699_EH-16S_18S_16S_amplicon_S516-D_N724-D	1186.0	0	0	0	0	0	0	0	0	3825.0	0	0	0	0	0	0	0	0	0	0	0	0	0	0	0	0	0	0	0	0	0	0	0	0	0	0	0	0
63103	S_16_E0588_251_EH-16S_18S_16S_amplicon_S506-A_N712-A	0	0	0	0	0	0	0	0	0	0	14494.0	0	0	0	0	0	0	0	0	0	0	0	0	0	0	0	0	0	0	0	0	0	0	0	0	0	0	0
63088	S_16_E0565_253_EH-16S_18S_16S_amplicon_S503-A_N712-A	0	0	0	0	0	0	0	0	0	0	14822.0	0	0	0	0	0	0	0	0	0	0	0	0	0	0	0	0	0	0	0	0	0	0	0	0	0	0	0
63147	S_16_E0737_471_EH-16S_18S_16S_amplicon_S513-C_N705-C	0	0	0	0	0	0	0	0	0	0	7966.0	0	0	0	0	0	0	0	0	0	0	0	0	0	0	0	0	0	0	0	0	0	0	0	0	0	0	0
63114	S_16_E0738_479_EH-16S_18S_16S_amplicon_S513-C_N706-C	0	0	0	0	0	0	0	0	0	0	8387.0	0	0	0	0	0	0	0	0	0	0	0	0	0	0	0	0	0	0	0	0	0	0	0	0	0	0	0
62799	S_16_E0574_233_EH-16S_18S_16S_amplicon_S505-A_N710-A	0	0	0	0	0	0	0	0	0	0	12075.0	0	0	0	0	0	0	0	0	0	0	0	0	0	0	0	0	0	0	0	0	0	0	0	0	0	0	0
62994	S_16_E0771_468_EH-16S_18S_16S_amplicon_S517-C_N705-C	0	0	0	0	0	0	0	0	0	0	6161.0	0	0	0	0	0	0	0	0	0	0	0	0	0	0	0	0	0	0	0	0	0	0	0	0	0	0	0
62848	S_16_E0784_475_EH-16S_18S_16S_amplicon_S518-C_N706-C	0	0	0	0	0	0	0	0	0	0	10884.0	0	0	0	0	0	0	0	0	0	0	0	0	0	0	0	0	0	0	0	0	0	0	0	0	0	0	0
62984	S_16_E0712_304_EH-16S_18S_16S_amplicon_S510-B_N720-B	0	0	0	0	0	0	0	0	0	0	9491.0	0	0	0	0	0	0	0	0	0	0	0	0	0	0	0	0	0	0	0	0	0	0	0	0	0	0	0
62807	S_16_E0586_232_EH-16S_18S_16S_amplicon_S506-A_N710-A	393.0	0	0	0	0	0	0	0	0	0	11576.0	0	0	0	0	0	0	0	0	0	0	0	0	0	0	0	0	0	0	0	0	0	0	0	0	0	0	0
62872	S_16_E0759_469_EH-16S_18S_16S_amplicon_S516-C_N705-C	0	0	0	0	0	0	0	0	0	0	8389.0	0	0	0	0	0	0	0	0	0	0	0	0	0	0	0	0	0	0	0	0	0	0	0	0	0	0	0
62824	S_16_E0808_473_EH-16S_18S_16S_amplicon_S521-C_N706-C	0	0	0	0	0	0	0	0	0	0	11404.0	0	0	0	0	0	0	0	0	0	0	0	0	0	0	0	0	0	0	0	0	0	0	0	0	0	0	0
62795	S_16_E0612_249_EH-16S_18S_16S_amplicon_S508-A_N712-A	1007.0	0	0	0	0	0	0	0	0	0	12366.0	0	0	0	0	0	0	0	0	0	0	0	0	0	0	0	0	0	0	0	0	0	0	0	0	0	0	0
63055	S_16_E0577_263_EH-16S_18S_16S_amplicon_S505-A_N714-A	0	0	0	0	0	0	0	0	0	0	14095.0	0	0	0	0	0	0	0	0	0	0	0	0	0	0	0	0	0	0	0	0	0	0	0	0	0	0	0
62968	S_16_E0749_478_EH-16S_18S_16S_amplicon_S515-C_N706-C	0	0	0	0	0	0	0	0	0	0	6210.0	0	0	0	0	0	0	0	0	0	0	0	0	0	0	0	0	0	0	0	0	0	0	0	0	0	0	0
63063	S_16_E0679_339_EH-16S_18S_16S_amplicon_S506-B_N723-B	0	0	0	0	0	0	0	0	0	0	0	17883.0	0	0	0	0	0	0	0	0	0	0	0	0	0	0	0	0	0	0	0	0	0	0	0	0	0	0
62864	S_16_E0572_205_EH-16S_18S_16S_amplicon_S505-A_N706-A	0	0	0	0	0	0	0	0	0	0	0	9436.0	0	0	0	0	0	0	0	0	0	0	0	0	0	0	0	0	0	0	0	0	0	0	0	0	0	0
62995	S_16_E0551_223_EH-16S_18S_16S_amplicon_S502-A_N707-A	0	0	0	0	0	0	0	0	0	0	0	12018.0	0	0	0	0	0	0	0	0	0	0	0	0	0	0	0	0	0	0	0	0	0	0	0	0	0	0
63068	S_16_E0799_506_EH-16S_18S_16S_amplicon_S520-C_N711-C	0	0	0	0	0	0	0	0	0	0	0	9849.0	0	0	0	0	0	0	0	0	0	0	0	0	0	0	0	0	0	0	0	0	0	190.0	0	0	0	0
62840	S_16_E0751_501_EH-16S_18S_16S_amplicon_S515-C_N710-C	0	0	0	0	0	0	0	0	0	0	0	15294.0	0	0	0	0	0	0	0	0	0	0	0	0	0	0	0	0	0	0	0	0	0	0	0	0	0	0
63015	S_16_E0629_162_EH-16S_18S_16S_amplicon_S511-A_N703-A	0	0	0	0	0	0	0	0	0	0	0	15905.0	0	0	0	0	0	0	0	0	0	0	0	0	0	0	0	0	0	0	0	0	0	0	0	0	0	0
62912	S_16_E0866_689_EH-16S_18S_16S_amplicon_S517-D_N723-D	0	0	0	0	0	0	0	0	0	0	0	5282.0	0	0	0	0	0	0	0	0	0	0	0	0	0	0	0	0	0	0	0	0	0	0	0	0	0	0
63035	S_16_E0691_337_EH-16S_18S_16S_amplicon_S507-B_N723-B	0	0	0	0	0	0	0	0	0	0	0	15374.0	0	0	0	0	0	0	0	0	0	0	0	0	0	0	0	0	0	0	0	0	0	0	0	0	0	0
63027	S_16_E0668_349_EH-16S_18S_16S_amplicon_S505-B_N724-B	0	0	0	0	0	0	0	0	0	0	0	15143.0	0	0	0	0	0	0	0	0	0	0	0	0	0	0	0	0	0	0	0	0	0	0	0	0	0	0
62822	S_16_E0913_694_EH-16S_18S_16S_amplicon_S522-D_N724-D	494.0	0	0	0	0	0	0	0	0	0	0	6695.0	0	0	0	0	0	0	0	0	0	0	0	0	0	0	0	0	0	0	0	0	0	0	0	0	86.0	0
62837	S_16_E0616_153_EH-16S_18S_16S_amplicon_S510-A_N702-A	1968.0	0	0	0	0	0	0	0	0	0	0	16630.0	0	0	0	0	0	0	0	0	0	0	0	0	0	0	0	0	653.0	0	0	0	0	0	0	0	0	0
63079	S_16_E0558_169_EH-16S_18S_16S_amplicon_S503-A_N703-A	0	0	986.0	0	0	0	0	0	0	0	0	3705.0	0	0	0	0	0	0	0	0	0	0	0	0	0	0	0	0	0	0	0	0	0	0	0	0	0	0
62858	S_16_E0845_700_EH-16S_18S_16S_amplicon_S515-D_N724-D	676.0	0	0	0	0	0	0	0	0	0	0	4508.0	0	0	0	0	0	0	0	0	0	0	0	0	0	0	0	0	0	0	0	734.0	0	0	0	0	0	0
63011	S_16_E0817_437_EH-16S_18S_16S_amplicon_S522-C_N703-C	0	0	0	0	0	0	0	0	0	0	0	0	0	0	0	0	0	0	0	0	0	0	0	0	0	0	0	0	0	17548.0	0	0	0	0	0	0	0	0
62895	S_16_E0573_220_EH-16S_18S_16S_amplicon_S505-A_N707-A	0	0	0	0	0	0	0	0	0	0	0	0	0	0	0	0	0	0	0	0	0	0	0	0	0	0	0	0	0	16351.0	0	0	0	0	0	0	0	0
62936	S_16_E0769_442_EH-16S_18S_16S_amplicon_S517-C_N703-C	0	0	0	0	0	0	0	0	0	0	0	0	0	0	0	0	0	0	0	0	0	0	0	0	0	0	0	0	0	8975.0	0	0	0	0	0	0	0	0
62988	S_16_E0793_440_EH-16S_18S_16S_amplicon_S520-C_N703-C	0	0	0	0	0	0	0	0	0	0	0	0	0	0	0	0	0	0	0	0	0	0	0	0	0	0	0	0	0	21608.0	0	0	0	0	0	0	0	0
63005	S_16_E0734_432_EH-16S_18S_16S_amplicon_S513-C_N702-C	0	0	0	0	0	0	0	0	0	0	0	0	0	0	0	0	0	0	0	0	0	0	0	0	0	0	0	0	0	12063.0	0	0	0	0	0	0	0	0
62889	S_16_E0596_202_EH-16S_18S_16S_amplicon_S507-A_N706-A	0	0	0	0	0	0	0	0	0	0	0	0	0	0	0	0	0	0	0	0	0	0	0	0	0	0	0	0	0	9172.0	0	0	0	0	0	0	0	0
62992	S_16_E0745_431_EH-16S_18S_16S_amplicon_S515-C_N702-C	0	0	0	0	0	0	0	0	0	0	0	0	0	0	0	0	0	0	0	0	0	0	0	0	0	0	0	0	0	14858.0	0	0	0	0	0	0	0	0
63018	S_16_E0632_197_EH-16S_18S_16S_amplicon_S511-A_N706-A	0	0	0	0	0	0	0	0	0	0	0	0	0	0	0	0	0	0	0	0	0	0	0	0	0	0	0	0	0	18212.0	0	0	0	0	0	0	0	0
62953	S_16_E0781_441_EH-16S_18S_16S_amplicon_S518-C_N703-C	0	0	0	0	0	0	0	0	0	0	0	0	0	0	0	0	0	0	0	0	0	0	0	0	0	0	0	0	0	22700.0	0	0	0	0	0	0	0	0
63089	S_16_E0620_199_EH-16S_18S_16S_amplicon_S510-A_N706-A	0	0	0	0	0	0	0	0	0	0	0	0	0	0	0	0	0	0	0	0	0	0	0	0	0	0	0	0	0	12990.0	0	0	0	0	0	0	0	0
63159	S_16_E0559_179_EH-16S_18S_16S_amplicon_S503-A_N704-A	0	0	0	0	0	0	0	0	0	0	0	0	0	0	0	0	0	0	0	0	0	0	0	0	0	0	0	0	0	13377.0	0	0	0	0	0	0	0	0
63009	S_16_E0805_438_EH-16S_18S_16S_amplicon_S521-C_N703-C	0	0	0	0	0	0	0	0	0	0	0	0	0	0	0	0	0	0	0	0	0	0	0	0	0	0	0	0	0	16427.0	0	0	0	0	0	0	0	0
62981	S_16_E0752_510_EH-16S_18S_16S_amplicon_S515-C_N711-C	0	0	0	0	0	0	0	0	0	0	0	0	13175.0	0	0	0	0	0	0	0	0	0	0	0	0	0	0	0	0	0	0	0	0	0	0	0	0	0
62976	S_16_E0879_705_EH-16S_18S_16S_amplicon_S518-D_N726-D	0	0	0	0	0	0	0	0	0	0	0	0	9726.0	0	0	0	0	0	0	0	0	0	0	0	0	0	0	0	0	0	0	0	0	0	0	0	0	0
62800	S_16_E0812_514_EH-16S_18S_16S_amplicon_S521-C_N712-C	0	0	0	0	0	0	0	0	0	0	0	0	13351.0	0	0	0	0	0	0	0	0	0	0	0	0	0	0	0	0	0	0	0	0	0	0	0	0	0
62880	S_16_E0764_518_EH-16S_18S_16S_amplicon_S516-C_N712-C	0	0	0	0	0	0	0	0	0	0	0	0	8453.0	0	0	0	0	0	0	0	0	0	0	0	0	0	0	0	0	0	0	0	0	0	0	0	0	0
63039	S_16_E0655_332_EH-16S_18S_16S_amplicon_S503-B_N722-B	0	0	0	0	0	0	0	0	0	0	0	0	12126.0	0	0	0	0	0	0	0	0	0	0	0	0	0	0	0	0	0	0	0	0	0	0	0	0	0
62944	S_16_E0702_326_EH-16S_18S_16S_amplicon_S508-B_N722-B	0	0	0	0	0	0	0	0	0	0	0	0	9751.0	0	0	0	0	0	0	0	0	0	0	0	0	0	0	0	0	0	0	0	0	0	0	0	0	0
62943	S_16_E0834_701_EH-16S_18S_16S_amplicon_S513-D_N724-D	0	0	0	0	0	0	0	0	0	0	0	0	6022.0	0	0	0	0	0	0	0	0	0	0	0	0	0	0	0	0	0	0	0	0	0	0	0	0	0
62937	S_16_E0835_712_EH-16S_18S_16S_amplicon_S513-D_N726-D	0	0	0	0	0	0	0	0	0	0	0	0	6926.0	0	0	0	0	0	0	0	0	0	0	0	0	0	0	0	0	0	0	0	0	0	0	0	0	0
63148	S_16_E0550_209_EH-16S_18S_16S_amplicon_S502-A_N706-A	0	0	0	0	0	0	0	0	0	0	0	0	7046.0	0	0	0	0	0	0	0	0	0	0	0	0	0	0	0	180.0	0	0	0	0	0	0	0	0	0
62888	S_16_E0630_171_EH-16S_18S_16S_amplicon_S511-A_N704-A	3853.0	0	0	0	0	0	0	0	0	0	0	0	4083.0	0	0	0	0	0	0	0	0	0	0	0	0	0	0	0	0	0	0	0	0	0	0	0	0	0
62963	S_16_E0546_161_EH-16S_18S_16S_amplicon_S502-A_N702-A	7887.0	0	0	0	0	0	0	0	0	0	0	0	6391.0	0	0	0	0	0	0	0	0	0	0	0	0	0	0	0	0	0	0	0	0	0	0	0	0	0
63030	S_16_E0757_443_EH-16S_18S_16S_amplicon_S516-C_N703-C	0	0	0	0	0	0	0	0	0	0	0	0	0	0	0	0	0	0	0	0	0	0	0	0	0	0	0	0	0	0	15266.0	0	0	0	0	0	0	0
62847	S_16_E0608_201_EH-16S_18S_16S_amplicon_S508-A_N706-A	0	0	0	0	0	0	0	0	0	0	0	0	0	0	0	0	0	0	0	0	0	0	0	0	0	0	0	0	0	0	7418.0	0	0	0	0	0	0	0
62920	S_16_E0585_219_EH-16S_18S_16S_amplicon_S506-A_N707-A	0	0	0	0	0	0	0	0	0	0	0	0	0	0	0	0	0	0	0	0	0	0	0	0	0	0	0	0	0	0	13198.0	0	0	0	0	0	0	0
63091	S_16_E0548_180_EH-16S_18S_16S_amplicon_S502-A_N704-A	0	0	0	0	0	0	0	0	0	0	0	0	0	0	0	0	0	0	0	0	0	0	0	0	0	0	0	0	0	0	16441.0	0	0	0	0	0	0	0
62882	S_16_E0593_165_EH-16S_18S_16S_amplicon_S507-A_N703-A	0	0	0	0	0	0	0	0	0	0	0	0	0	0	0	0	0	0	0	0	0	0	0	0	0	0	0	0	0	0	17484.0	0	0	0	0	0	0	0
63094	S_16_E0549_194_EH-16S_18S_16S_amplicon_S502-A_N705-A	0	0	0	0	0	0	0	0	0	0	0	0	0	0	0	0	0	0	0	0	0	0	0	0	0	0	0	0	0	0	11705.0	0	0	0	0	0	0	0
63155	S_16_E0756_427_EH-16S_18S_16S_amplicon_S516-C_N702-C	0	0	0	0	0	0	0	0	0	0	0	0	0	0	0	0	0	0	0	0	0	0	0	0	0	0	0	0	0	0	11365.0	0	0	0	0	0	0	0
62926	S_16_E0867_698_EH-16S_18S_16S_amplicon_S517-D_N724-D	0	0	0	0	0	0	0	0	0	0	0	0	0	0	5608.0	0	0	0	0	0	0	0	0	0	0	0	0	0	0	0	0	0	0	0	0	0	0	0
62873	S_16_E0714_324_EH-16S_18S_16S_amplicon_S510-B_N722-B	0	0	0	0	0	0	0	0	0	0	0	0	0	0	14051.0	0	0	0	0	0	0	0	0	0	0	0	0	0	0	0	0	0	0	0	0	0	0	0
63048	S_16_E0775_508_EH-16S_18S_16S_amplicon_S517-C_N711-C	0	0	0	0	0	0	0	0	0	0	0	0	0	0	9342.0	0	0	0	0	0	0	0	0	0	0	0	0	0	0	0	0	0	0	0	0	0	0	0
63032	S_16_E0726_323_EH-16S_18S_16S_amplicon_S511-B_N722-B	0	0	0	0	0	0	0	0	0	0	0	0	0	0	14797.0	0	0	0	0	0	0	0	0	0	0	0	0	0	0	0	0	0	0	0	0	0	0	0
62816	S_16_E0611_239_EH-16S_18S_16S_amplicon_S508-A_N711-A	0	0	0	0	0	0	0	0	0	0	0	0	0	0	5841.0	0	0	0	0	0	0	0	0	0	0	0	0	0	0	0	0	0	0	0	0	0	0	0
63105	S_16_E0889_696_EH-16S_18S_16S_amplicon_S520-D_N724-D	336.0	0	0	0	0	0	0	0	0	0	0	0	0	0	10152.0	0	0	0	0	0	0	0	0	0	0	0	0	0	0	0	0	0	0	0	0	0	0	0
63077	S_16_E0798_496_EH-16S_18S_16S_amplicon_S520-C_N710-C	0	0	0	0	0	0	0	0	0	0	0	0	0	0	15401.0	0	0	0	0	0	0	0	0	0	0	0	0	0	0	0	0	0	0	0	0	0	0	0
62831	S_16_E0689_317_EH-16S_18S_16S_amplicon_S507-B_N721-B	0	0	0	0	0	0	0	0	0	0	0	0	0	0	11963.0	0	0	0	0	0	0	0	0	0	0	0	0	0	0	0	0	0	0	0	0	0	0	0
62834	S_16_E0633_210_EH-16S_18S_16S_amplicon_S511-A_N707-A	3870.0	0	0	0	0	0	0	0	0	0	0	0	0	0	13523.0	0	0	0	0	0	0	0	0	0	0	0	0	0	0	0	0	0	0	0	0	0	0	0
62797	S_16_E0690_327_EH-16S_18S_16S_amplicon_S507-B_N722-B	0	0	0	0	0	0	0	0	0	0	0	0	0	0	0	11013.0	0	0	0	0	0	0	0	0	0	0	0	0	0	0	0	0	0	0	0	0	0	0
62878	S_16_E0636_245_EH-16S_18S_16S_amplicon_S511-A_N712-A	0	0	0	0	0	0	0	0	0	0	0	0	0	0	0	4193.0	0	0	0	0	0	0	0	0	0	0	0	0	0	0	0	0	0	0	0	0	0	0
63146	S_16_E0855_690_EH-16S_18S_16S_amplicon_S516-D_N723-D	0	0	0	0	0	0	0	0	0	0	0	0	0	0	0	8494.0	0	0	0	0	0	0	0	0	0	0	0	0	0	0	0	0	0	0	0	0	0	0
63119	S_16_E0677_319_EH-16S_18S_16S_amplicon_S506-B_N721-B	1846.0	0	0	0	0	0	0	0	0	0	0	0	0	0	0	15942.0	0	0	0	0	0	0	0	0	0	0	0	0	0	0	0	0	0	0	0	0	0	0
62971	S_16_E0788_516_EH-16S_18S_16S_amplicon_S518-C_N712-C	0	0	0	0	0	0	0	0	0	0	0	0	0	0	0	16758.0	0	0	0	0	0	0	0	0	0	0	0	0	0	0	0	0	0	0	0	0	0	0
63090	S_16_E0902_703_EH-16S_18S_16S_amplicon_S521-D_N726-D	0	0	0	0	0	0	0	0	0	0	0	0	0	0	0	11669.0	0	0	0	0	0	0	0	0	0	0	0	0	0	0	0	231.0	0	0	0	0	0	0
63096	S_16_E0740_502_EH-16S_18S_16S_amplicon_S513-C_N710-C	2053.0	0	0	0	0	0	0	0	0	0	0	0	0	0	0	8520.0	0	0	0	0	0	0	0	0	0	0	0	0	0	0	0	0	0	0	0	0	0	0
63054	S_16_E0685_277_EH-16S_18S_16S_amplicon_S507-B_N716-B	0	0	0	0	0	0	351.0	0	0	0	0	0	0	0	0	0	0	0	0	0	0	0	0	0	0	0	0	0	0	0	0	9409.0	0	0	0	0	0	0
63042	S_16_E0704_346_EH-16S_18S_16S_amplicon_S508-B_N724-B	0	0	0	0	0	0	0	0	0	0	0	0	0	0	0	0	8718.0	0	0	0	0	0	0	0	0	0	0	0	0	0	0	0	0	0	0	0	0	0
62892	S_16_E0692_347_EH-16S_18S_16S_amplicon_S507-B_N724-B	0	0	0	0	0	0	0	0	0	0	0	0	0	0	0	0	11915.0	0	0	0	0	0	0	0	0	0	0	0	0	0	0	0	0	0	0	0	0	0
63067	S_16_E0617_163_EH-16S_18S_16S_amplicon_S510-A_N703-A	0	0	0	0	0	0	0	0	0	0	0	0	0	0	0	0	15229.0	0	0	0	0	0	0	0	0	0	0	0	0	0	0	0	0	0	0	0	0	0
63120	S_16_E0715_335_EH-16S_18S_16S_amplicon_S510-B_N723-B	0	0	0	0	0	0	0	0	0	0	0	0	0	0	0	0	12553.0	0	0	0	0	0	0	0	0	0	0	0	0	0	0	0	0	0	0	0	0	0
62814	S_16_E0774_498_EH-16S_18S_16S_amplicon_S517-C_N710-C	0	0	0	0	0	0	0	0	0	0	0	0	0	0	0	0	9550.0	0	0	0	0	0	0	0	0	0	0	0	0	0	0	0	0	0	0	0	0	0
63153	S_16_E0786_497_EH-16S_18S_16S_amplicon_S518-C_N710-C	989.0	0	0	0	0	0	0	0	0	0	0	0	0	0	0	0	11475.0	0	0	0	0	0	0	0	0	0	0	0	0	0	0	0	0	0	0	0	0	0
63097	S_16_E0557_160_EH-16S_18S_16S_amplicon_S503-A_N702-A	1264.0	0	0	0	0	0	0	0	0	0	0	0	0	0	0	0	7443.0	0	0	0	0	0	0	0	0	0	0	0	0	0	0	0	0	0	0	0	0	0
63087	S_16_E0742_521_EH-16S_18S_16S_amplicon_S513-C_N712-C	1311.0	0	0	0	0	0	0	0	0	0	0	0	0	0	0	0	7475.0	0	0	0	0	0	0	0	0	0	0	0	0	0	0	884.0	0	0	0	0	0	0
62918	S_16_E0905_746_EH-16S_18S_16S_amplicon_S521-D_N729-D	0	0	0	0	0	0	0	0	0	0	0	0	0	0	0	0	0	0	0	0	0	0	0	0	0	0	0	0	0	0	0	0	23177.0	0	0	0	0	0
62965	S_16_E0838_557_EH-16S_18S_16S_amplicon_S515-D_N716-D	0	0	0	0	0	0	0	0	0	0	0	0	0	0	0	0	0	0	0	0	0	0	0	0	0	0	0	0	0	0	0	0	22275.0	0	0	0	0	0
63161	S_16_E0583_189_EH-16S_18S_16S_amplicon_S506-A_N705-A	0	0	0	0	0	0	0	0	0	0	0	0	0	0	0	0	0	0	0	0	0	0	0	0	0	0	0	0	0	0	0	0	14568.0	0	0	0	0	0
63123	S_16_E0802_538_EH-16S_18S_16S_amplicon_S520-C_N715-C	0	0	0	0	0	0	0	0	0	0	0	0	0	0	0	0	0	0	0	0	0	0	0	0	0	0	0	0	0	0	0	0	14198.0	0	0	0	0	0
62813	S_16_E0791_405_EH-16S_18S_16S_amplicon_S520-C_N701-C	0	0	0	0	0	0	0	0	0	0	0	0	0	0	0	0	0	0	0	0	0	0	0	0	0	0	0	0	0	0	0	0	29307.0	0	0	0	0	0
62908	S_16_E0720_397_EH-16S_18S_16S_amplicon_S510-B_N729-B	0	0	0	0	0	0	0	0	0	0	0	0	0	0	0	0	0	0	0	0	0	0	0	0	0	0	0	0	0	0	0	0	19310.0	0	0	0	0	0
62996	S_16_E0599_240_EH-16S_18S_16S_amplicon_S507-A_N711-A	0	0	0	0	0	0	0	0	0	0	0	0	0	0	0	0	0	0	9820.0	0	0	0	0	0	0	0	0	0	0	0	0	0	0	0	0	0	0	0
62980	S_16_E0789_527_EH-16S_18S_16S_amplicon_S518-C_N714-C	0	0	0	0	0	0	0	0	0	0	0	0	0	0	0	0	0	0	16762.0	0	0	0	0	0	0	0	0	0	0	0	0	0	0	0	0	0	0	0
62998	S_16_E0673_278_EH-16S_18S_16S_amplicon_S506-B_N716-B	0	0	0	0	0	0	0	0	0	0	0	0	0	0	0	0	0	0	13374.0	0	0	0	0	0	0	0	0	0	0	0	0	0	0	0	0	0	0	0
62902	S_16_E0646_351_EH-16S_18S_16S_amplicon_S502-B_N724-B	0	0	0	0	0	0	0	0	0	0	0	0	0	0	0	0	0	0	16426.0	0	0	0	0	0	0	0	0	0	0	0	0	0	0	0	0	0	0	0
63021	S_16_E0570_177_EH-16S_18S_16S_amplicon_S505-A_N704-A	0	0	0	0	0	0	0	0	0	0	0	0	0	0	0	0	0	0	11767.0	0	0	0	0	0	0	0	0	0	0	0	0	0	0	0	0	0	0	0
63093	S_16_E0678_328_EH-16S_18S_16S_amplicon_S506-B_N722-B	0	0	0	0	0	0	0	0	0	0	0	0	0	0	0	0	0	0	0	6261.0	0	0	0	0	0	0	0	0	0	0	0	0	0	0	0	0	0	0
62903	S_16_E0660_390_EH-16S_18S_16S_amplicon_S503-B_N728-B	0	0	0	0	0	0	0	0	0	0	0	0	0	0	0	0	0	0	0	0	20212.0	0	0	0	0	0	0	0	0	0	0	0	0	0	0	0	0	0
62805	S_16_E0664_310_EH-16S_18S_16S_amplicon_S505-B_N720-B	0	0	0	0	0	0	0	0	0	0	0	0	0	0	0	0	0	0	0	0	9935.0	0	0	0	0	0	0	0	0	0	0	0	0	0	0	0	0	0
62910	S_16_E0829_631_EH-16S_18S_16S_amplicon_S513-D_N719-D	0	0	0	0	0	0	0	0	0	0	0	0	0	0	0	0	0	0	0	0	11389.0	0	0	0	0	0	0	0	0	0	0	0	0	0	0	0	0	0
62859	S_16_E0837_744_EH-16S_18S_16S_amplicon_S513-D_N728-D	0	0	0	0	0	0	0	0	0	0	0	0	0	0	0	0	0	0	0	0	0	0	0	0	0	0	0	0	0	0	0	0	0	0	0	12195.0	0	0
62954	S_16_E0858_733_EH-16S_18S_16S_amplicon_S516-D_N727-D	0	0	0	0	0	0	0	0	0	0	0	0	0	0	0	0	0	2242.0	0	0	0	0	0	0	0	0	0	0	0	0	0	0	0	0	0	4413.0	0	0
62916	S_16_E0915_714_EH-16S_18S_16S_amplicon_S522-D_N727-D	0	0	0	0	0	0	0	0	0	0	0	0	0	0	0	0	0	0	0	0	0	0	0	0	12378.0	0	0	0	0	0	0	0	0	0	0	0	0	0
63133	S_16_E0860_549_EH-16S_18S_16S_amplicon_S517-D_N716-D	0	0	0	0	0	0	0	0	0	0	0	0	0	0	0	0	0	0	0	0	0	0	0	0	0	0	0	0	0	0	0	0	0	0	0	0	0	11898.0
62846	S_16_E0650_280-no-PCR-product_EH-16S_18S_16S_amplicon_S503-B_N716-B	0	0	0	0	0	0	0	0	0	0	0	0	0	0	0	0	0	0	0	0	0	0	0	0	0	0	0	0	0	0	0	0	0	0	0	0	0	0
Sequence accession / SymPortal UID		883	883-968-976-914-1888	883-8717	32-18740-2518-23343	32-18740-23336-895-20976-23340-23338-23339	32-1330-18740	32/2518-18740	32/2518-18740-23315-23316-23317	32-18740-23336-23339-4860-20886-23490-23337	32-18740-2518-22202	32-1354-2506-18740	32-18740-2518-23315-23316-23317-23318-23343	32-18740-23629-23339-23337	1584-10815-2460	32-18740-23337	32-23339-18740-23336-23337-20886	32-18740-2518-23316-21159-22202	1584-10815-2460-23300-9916	2518/32-18740-1811	32-18740	32-18740-2518-24207	32	1483	1584-2460	32-18740-895-23336	1485	517	23290/853-854-1739-12732	1732-22600-854-23295-23310	1732-854-23310-855-2586-23451-24264	1732-854-23310-22600	1732/853/23290-854	1732-23559-23310-23292-854-23287	1732-854-22600-853	1732-854	853-23290-854	1732	1732-853-22600-854-933
Average defining sequence proportions and [stdev]		1.000[0.000]	0.966[0.015]-0.013[0.009]-0.009[0.002]-0.007[0.004]-0.004[0.000]	0.994[nan]-0.006[nan]	0.729[0.090]-0.126[0.045]-0.114[0.036]-0.031[0.012]	0.515[0.049]-0.181[0.038]-0.088[0.033]-0.063[0.023]-0.046[0.019]-0.036[0.010]-0.036[0.010]-0.036[0.025]	0.714[0.052]-0.175[0.057]-0.112[0.014]	0.668[0.229]/0.194[0.270]-0.138[0.063]	0.350[0.119]-0.234[0.033]/0.209[0.037]-0.084[0.036]-0.071[0.026]-0.053[0.023]	0.472[0.050]-0.125[0.049]-0.088[0.027]-0.078[0.024]-0.074[0.024]-0.059[0.020]-0.053[0.019]-0.052[0.040]	0.692[0.017]-0.143[0.015]-0.131[0.012]-0.034[0.005]	0.853[0.045]-0.081[0.034]-0.039[0.017]-0.027[0.007]	0.369[0.097]-0.196[0.011]-0.194[0.017]-0.068[0.025]-0.065[0.026]-0.055[0.023]-0.036[0.030]-0.016[0.005]	0.620[0.028]-0.226[0.033]-0.074[0.030]-0.044[0.012]-0.036[0.020]	0.888[0.044]-0.070[0.029]-0.042[0.021]	0.757[0.021]-0.201[0.027]-0.042[0.011]	0.556[0.033]-0.110[0.034]-0.102[0.068]-0.093[0.029]-0.090[0.027]-0.049[0.018]	0.623[0.030]-0.168[0.011]-0.132[0.011]-0.031[0.015]-0.029[0.017]-0.016[0.004]	0.864[0.012]-0.065[0.006]-0.051[0.011]-0.012[0.004]-0.008[0.002]	0.424[0.057]/0.388[0.069]-0.181[0.030]-0.006[0.001]	0.724[0.148]-0.276[0.148]	0.381[0.008]-0.272[0.019]-0.222[0.008]-0.126[0.024]	1.000[0.000]	1.000[nan]	0.940[nan]-0.060[nan]	0.748[nan]-0.198[nan]-0.031[nan]-0.024[nan]	1.000[nan]	1.000[nan]	0.424[0.058]/0.419[0.051]-0.107[0.022]-0.026[0.018]-0.024[0.016]	0.740[0.052]-0.091[0.039]-0.077[0.027]-0.069[0.023]-0.023[0.027]	0.582[0.025]-0.137[0.012]-0.083[0.004]-0.060[0.005]-0.047[0.010]-0.046[0.012]-0.046[0.012]	0.700[0.046]-0.115[0.043]-0.103[0.042]-0.081[0.071]	0.392[0.302]/0.277[0.181]/0.229[0.159]-0.102[0.037]	0.526[0.014]-0.121[0.020]-0.112[0.005]-0.111[0.005]-0.083[0.008]-0.047[0.006]	0.686[0.103]-0.114[0.042]-0.109[0.042]-0.092[0.061]	0.895[0.040]-0.105[0.040]	0.576[0.057]-0.263[0.081]-0.161[0.024]	1.000[nan]	0.577[nan]-0.168[nan]-0.144[nan]-0.105[nan]-0.005[nan]
