ITS2 type profile UID		84947	84946	84803	85122	84952	85123	84913	84878	85143	85668	85669	85425	84792	85204	84956	84828	84986	85245	85551	85254	85554	85314	85317	85343	85252	85253	85260	85262	85557	85562	85346
Clade		C	C	C	C	C	C	C	C	C	C	C	C	C	C	C	C	C	C	D	D	D	D	D	D	D	D	D	D	D	D	D
Majority ITS2 sequence		C3u	C3u	C27	C3u	C3u	C15	C15	C15h	C15	C116	C15	C1	C1	C116ae	C15	C15ed	C3	C71	D1	D1	D1	D1	D1	D4	D1	D1	D6	D1	D1	D1	D4w
Associated species		None	None	None	None	None	None	None	None	S. goreaui	None	None	S. goreaui	S. goreaui	None	None	None	S. goreaui	None	S. trenchii	S. trenchii	S. trenchii	S. glynnii	S. glynnii,S. trenchii	None	S. trenchii	S. trenchii	S. glynnii,S. trenchii	S. trenchii	S. glynnii,S. trenchii	S. trenchii	None
ITS2 profile abundance local		24	9	7	5	5	4	2	1	1	1	1	1	1	1	1	1	1	1	6	2	2	2	2	2	1	1	1	1	1	1	1
ITS2 profile abundance DB		36	12	66	33	15	7	29	41	59	23	21	115	32	4	13	17	153	1	354	23	84	20	20	22	60	47	19	125	126	58	1
ITS2 type profile		C3u/C3/C115-C21ab	C3u-C3-C115	C27-C3-C27a-C21	C3u/C3	C27/C3u-C3	C15-C15ed-C15he	C15/C15ai	C15h	C15/C1	C116-C15	C15-C116	C1/C1c/C3-C1b-C72k	C1/C39/C1b	C116ae	C15/C15dn-C15dm	C15/C15ed	C1/C3	C71	D1/D4-D4c-D1h-D1c-D2	D1/D4-D2-D4c	D1-D4-D17d-D4c-D17c-D1r-D17e-D2-D17j-D17l	D1/D2d	D1/D2d/D6-D4	D5/D4	D1/D4-D4c-D1c	D1/D4	D1/D6-D4-D2.2	D1-D4-D4c-D1c-D2	D1-D4c-D4-D6-D1h	D1-D4-D17d-D4c-D17e-D1r-D17c	D4w
111321	D3-8	38374.0	0	0	0	0	0	0	0	0	0	0	0	0	0	0	0	0	0	0	0	0	0	0	0	0	0	0	0	0	0	0
111276	Sym7	18196.0	0	0	0	0	0	0	0	0	0	0	0	0	0	0	0	0	0	0	0	0	0	0	0	0	0	0	0	0	0	0
111286	Sym24	25751.0	0	0	0	0	0	0	0	0	0	0	0	0	0	0	0	0	0	0	0	0	0	0	0	0	0	0	0	0	0	0
111307	D2-1	48112.0	0	0	0	0	0	0	0	0	0	0	0	0	0	0	0	0	0	0	0	0	0	0	0	0	0	0	0	0	0	0
111332	D5-3	43422.0	0	0	0	0	0	0	0	0	0	0	0	0	0	0	0	0	0	0	0	0	0	0	0	0	0	0	0	0	0	0
111294	Syb03	87337.0	0	0	0	0	0	0	0	0	0	0	0	0	0	0	0	0	0	0	0	0	0	0	0	0	0	0	0	0	0	0
111293	Syb02	80641.0	0	0	0	0	0	0	0	0	0	0	0	0	0	0	0	0	0	0	0	0	0	0	0	0	0	0	0	0	0	0
111292	Syb01	99486.0	0	0	0	0	0	0	0	0	0	0	0	0	0	0	0	0	0	0	0	0	0	0	0	0	0	0	0	0	0	0
111296	Syb09	92736.0	0	0	0	0	0	0	0	0	0	0	0	0	0	0	0	0	0	0	0	0	0	0	0	0	0	0	0	0	0	0
111319	D3-6	49593.0	0	0	0	0	0	0	0	0	0	0	0	0	0	0	0	0	0	0	0	0	0	0	0	0	0	0	0	0	0	0
111295	Syb04	79508.0	0	0	0	0	0	0	0	0	0	0	0	0	0	0	0	0	0	0	0	0	0	0	0	0	0	0	0	0	0	0
111324	D4-1	49492.0	0	0	0	0	0	0	0	0	0	0	0	0	0	0	0	0	0	0	0	0	0	0	0	0	0	0	0	0	0	0
111301	D1-2	41338.0	0	0	0	0	0	0	0	0	0	0	0	0	0	0	0	0	0	0	0	0	0	0	0	0	0	0	0	0	0	0
111329	D4-8	36054.0	0	0	0	0	0	0	0	0	0	0	0	0	0	0	0	0	0	0	0	0	0	0	0	0	0	0	0	0	0	0
111305	D1-6	51585.0	0	0	0	0	0	0	0	0	0	0	0	0	0	0	0	0	0	0	0	0	0	0	0	0	0	0	0	0	0	0
111288	Sym26	3122.0	0	0	0	0	0	0	0	0	0	0	0	0	0	0	0	0	0	0	0	0	0	0	0	0	0	0	0	0	0	0
111272	Sym3	4459.0	0	0	0	0	0	0	0	0	0	0	0	0	0	0	0	0	0	0	0	0	0	0	0	0	0	0	0	0	0	0
111271	Sym2	10878.0	0	0	0	0	0	0	0	0	0	0	0	0	0	0	0	0	0	0	0	0	0	0	0	0	0	0	0	0	0	0
111315	D3-1	37040.0	0	0	0	0	0	0	0	0	0	0	0	0	0	0	0	0	0	0	0	0	0	0	0	0	0	0	0	0	0	0
111322	D3-9	34230.0	0	0	0	0	0	0	0	0	0	0	0	0	0	0	0	0	0	11184.0	0	0	0	0	0	0	0	0	0	0	0	0
111316	D3-3	24113.0	0	0	0	0	0	0	0	0	0	0	0	0	0	0	0	0	0	11848.0	0	0	0	0	0	0	0	0	0	0	0	0
111306	D1-7	4018.0	0	0	0	0	1043.0	0	0	0	0	0	0	0	0	0	0	0	0	0	0	0	0	0	0	0	2943.0	0	0	0	0	0
111278	Sym10	0	22643.0	0	0	0	0	0	0	0	0	0	0	0	0	0	0	0	0	0	0	0	0	0	0	0	0	0	0	0	0	0
111280	Sym12	0	24154.0	0	0	0	0	0	0	0	0	0	0	0	0	0	0	0	0	0	0	0	0	0	0	0	0	0	0	0	0	0
111285	Sym20	0	21695.0	0	0	0	0	0	0	0	0	0	0	0	0	0	0	0	0	0	0	0	0	0	0	0	0	0	0	0	0	0
111268	sym14_1	0	75204.0	0	0	0	0	0	0	0	0	0	0	0	0	0	0	0	0	0	0	0	0	0	0	0	0	0	0	0	0	0
111269	sym18_1	0	69993.0	0	0	0	0	0	0	0	0	0	0	0	0	0	0	0	0	0	0	0	0	0	0	0	0	0	0	0	0	0
111311	D2-5	0	46032.0	0	0	0	0	0	0	0	0	0	0	0	0	0	0	0	0	0	0	0	0	0	0	0	0	0	0	0	0	0
111290	Sym28	0	21983.0	0	0	0	0	0	0	0	0	0	0	0	0	0	0	0	0	0	0	0	0	0	0	0	0	0	0	0	0	0
111335	D5-6	0	49336.0	0	0	0	0	0	0	0	0	0	0	0	0	0	0	0	0	0	0	0	0	0	0	0	0	0	0	0	0	0
111279	Sym11	0	16708.0	0	0	0	0	0	0	0	0	0	0	0	0	0	0	0	0	0	0	761.0	0	0	0	0	0	0	0	0	0	0
111297	Syb10	0	0	52675.0	0	0	0	0	0	0	0	0	0	0	0	0	0	0	0	0	0	0	0	0	0	0	0	0	0	0	0	0
111317	D3-4	0	0	34923.0	0	0	0	0	0	0	0	0	0	0	0	0	0	0	0	0	0	0	0	0	0	0	0	0	0	0	0	0
111277	Sym8	0	0	5447.0	0	0	0	0	0	0	0	0	0	0	0	0	0	0	0	0	0	0	0	0	0	0	0	0	0	0	0	0
111299	Syb12	0	0	40012.0	0	0	0	0	0	0	0	0	0	0	0	0	0	0	0	0	0	0	0	0	0	0	0	0	0	0	0	0
111323	D3-10	0	0	33229.0	0	0	0	0	0	0	0	0	0	0	0	0	0	0	0	0	0	0	0	0	0	0	0	0	0	0	0	0
111320	D3-7	0	0	38001.0	0	0	0	0	0	0	0	0	0	0	0	0	0	0	0	0	0	0	0	0	0	0	0	0	0	0	0	0
111336	D5-8	0	0	31084.0	0	0	0	0	0	0	0	0	0	0	0	0	0	0	0	0	0	0	0	0	0	0	0	0	0	0	1283.0	0
111331	D5-2	0	0	0	0	182.0	0	0	0	40.0	0	0	0	0	0	0	0	0	0	49000.0	0	0	0	0	0	0	0	0	0	0	0	0
111275	Sym6	0	0	0	39.0	0	0	0	0	0	31.0	0	0	0	382.0	0	0	0	0	20782.0	0	0	0	0	0	0	0	0	0	0	0	0
111274	Sym5	0	0	0	0	0	0	0	0	0	0	0	0	0	0	0	0	0	0	16886.0	0	0	0	0	0	0	0	0	0	0	0	0
111326	D4-4	0	0	0	50764.0	0	0	0	0	0	0	0	0	0	0	0	0	0	0	0	0	0	0	0	0	0	0	0	0	0	0	0
111314	D2-8	0	0	0	44138.0	0	0	0	0	0	0	0	0	0	0	0	0	0	0	0	0	0	0	0	0	0	0	0	0	0	0	0
111330	D5-1	0	0	0	54814.0	0	0	0	0	0	0	0	0	0	0	0	0	0	0	0	0	1492.0	0	0	0	0	0	0	0	0	0	0
111282	Sym16	0	0	0	7527.0	0	0	0	4147.0	0	0	0	0	0	0	0	0	0	0	2561.0	0	0	0	0	0	0	0	0	0	0	0	0
111273	Sym4	0	0	0	0	567.0	0	0	0	0	0	0	0	0	0	0	0	0	0	0	0	0	0	0	0	0	0	0	0	0	0	0
111309	D2-3	0	0	0	0	0	31938.0	0	0	0	0	0	0	0	0	0	0	0	0	0	0	0	0	0	135.0	0	0	0	0	0	0	0
111333	D5-4	0	0	0	0	0	44916.0	0	0	0	0	0	0	0	0	0	0	0	0	0	0	0	0	0	0	0	0	0	0	0	0	0
111298	Syb11	0	0	0	0	0	62878.0	0	0	0	0	0	0	0	0	0	0	0	0	0	0	0	0	0	0	0	0	0	0	0	0	0
111303	D1-4	0	0	0	0	0	0	0	0	0	0	0	0	0	0	0	0	0	0	0	34897.0	0	0	0	0	0	0	0	0	0	0	0
111289	Sym27	0	0	0	0	0	0	0	0	0	0	0	0	0	0	0	0	0	0	0	11278.0	0	0	0	0	0	0	0	0	0	0	0
111270	Sym1	0	0	0	0	0	0	6657.0	0	0	0	0	0	0	0	0	0	0	0	0	0	0	0	0	0	0	0	0	0	0	0	0
111284	Sym19	0	0	0	0	0	0	1629.0	0	0	0	0	0	0	0	0	0	0	0	0	0	0	0	0	0	0	0	0	0	0	0	0
111302	D1-3	854.0	0	0	0	0	0	0	0	0	0	0	0	0	0	0	0	0	0	0	0	0	43918.0	0	0	0	0	0	0	0	0	0
111300	D1-1	3419.0	0	0	0	0	0	0	0	0	0	0	0	0	0	0	0	0	0	0	0	0	40234.0	0	0	0	0	0	0	0	0	0
111291	Sym29	0	0	0	0	0	0	0	0	0	0	0	0	0	0	0	0	0	0	0	0	0	0	22052.0	0	0	0	0	0	0	0	0
111310	D2-4	0	0	0	0	391.0	0	0	0	0	0	0	0	0	0	65.0	0	0	0	0	0	0	0	43739.0	0	0	0	0	0	0	0	0
111318	D3-5	0	0	0	0	0	0	0	0	0	0	0	0	0	0	0	0	694.0	3398.0	0	0	0	0	0	8992.0	0	0	0	0	0	0	0
111325	D4-2	0	0	0	0	467.0	0	0	0	0	0	0	0	0	0	0	0	0	0	0	0	0	0	0	0	30713.0	0	0	0	0	0	0
111312	D2-6	0	0	0	0	0	0	0	0	0	0	10799.0	0	0	0	0	0	0	0	0	0	0	0	0	0	0	0	0	0	0	0	0
111327	D4-6	0	0	0	0	0	0	0	0	0	0	0	48855.0	0	0	0	0	0	0	0	0	0	0	0	0	0	0	0	0	0	0	0
111287	Sym25	0	0	0	0	0	0	0	0	0	0	0	0	0	0	0	0	0	0	0	0	0	0	0	0	0	0	0	0	4128.0	0	0
111281	Sym13	0	0	0	0	0	0	0	0	0	0	0	0	10626.0	0	0	0	0	0	0	0	0	0	0	0	0	0	0	296.0	0	0	0
111334	D5-5	0	0	0	0	478.0	0	0	0	0	0	0	0	0	0	0	15.0	0	0	0	0	0	0	0	0	0	0	11922.0	0	0	0	20000.0
Sequence accession / SymPortal UID		1330-32-20866-20932	1330-32-20866	25883-32-41-25896	1330-32	1330-25883-32	517-775-714	517-523	1584	517-2	632-517	517-632	2-308-4-835-32	2-860-4	25925	517-213237-23167	775-517	32-2	54625	853-854-1730-2308-855-1752	853-854-1730-855	853-854-1730-2582-855-1759-944-2587-1768-2597	853-62628	853-62628-933-854	854-1732	853-854-1730-2308	853-854	933-854-853-10403	853-854-2308-855-1730	853-854-1730-1752-933	853-854-1730-2582-944-2587-1759	1196649
Average defining sequence proportions and [stdev]		0.788[0.091]-0.158[0.074]-0.036[0.025]-0.018[0.008]	0.843[0.085]-0.117[0.068]-0.039[0.019]	0.882[0.045]-0.064[0.029]-0.027[0.010]-0.027[0.009]	0.906[0.037]-0.094[0.037]	0.720[0.125]-0.151[0.106]-0.129[0.042]	0.786[0.034]-0.123[0.032]-0.091[0.046]	0.971[0.000]-0.029[0.000]	1.000[nan]	0.875[nan]-0.125[nan]	0.581[nan]-0.419[nan]	0.977[nan]-0.023[nan]	0.777[nan]-0.164[nan]-0.026[nan]-0.020[nan]-0.013[nan]	0.845[nan]-0.134[nan]-0.021[nan]	1.000[nan]	0.815[nan]-0.123[nan]-0.062[nan]	0.533[nan]-0.467[nan]	0.846[nan]-0.154[nan]	1.000[nan]	0.608[0.063]-0.263[0.070]-0.046[0.018]-0.042[0.045]-0.027[0.012]-0.013[0.011]	0.559[0.065]-0.292[0.006]-0.102[0.021]-0.047[0.038]	0.540[0.032]-0.271[0.031]-0.054[0.020]-0.027[0.006]-0.027[0.005]-0.025[0.005]-0.022[0.015]-0.014[0.005]-0.011[0.003]-0.008[0.002]	0.923[0.005]-0.077[0.005]	0.662[0.010]-0.213[0.006]-0.066[0.008]-0.060[0.013]	0.552[0.017]-0.448[0.017]	0.697[nan]-0.247[nan]-0.033[nan]-0.023[nan]	0.903[nan]-0.097[nan]	0.336[nan]-0.299[nan]-0.204[nan]-0.160[nan]	0.625[nan]-0.172[nan]-0.081[nan]-0.068[nan]-0.054[nan]	0.741[nan]-0.178[nan]-0.056[nan]-0.019[nan]-0.007[nan]	0.679[nan]-0.189[nan]-0.068[nan]-0.019[nan]-0.018[nan]-0.015[nan]-0.012[nan]	1.000[nan]
