ITS2 type profile UID		106186	106185	106125	106187	105347	105653	106082	105454	106184	105288	105923	105928
Clade		C	C	C	C	C	C	C	C	C	C	G	G
Majority ITS2 sequence		C3	C3	C3	C3	C3	C3	C3	C3	C3	C3b	G3b	G3am
Associated species		None	None	None	None	None	None	None	None	None	None	None	None
ITS2 profile abundance local		34	24	19	16	13	7	6	3	1	1	2	2
ITS2 profile abundance DB		34	24	19	28	17	12	6	33	28	24	6	2
ITS2 type profile		C3-C21-C3fc-C3an-C65b-C3b-C3bb	C3-C21-C3an-C3fc-C3gz-C3b-C3bb	C3-C3de-C21-C3bb-C3an-C21ae-C65b-C3s	C3-C3fc-C21-C3b-C3an-C3fd-C3bb	C3-C3de-C3bb-C21ae-C21-C3an-C3s	C3-C3an-C3de-C21-C3bb-C3fc-C3b	C3-C21-C3gu-C3gy-C3gw-C3gx-C3gv-C3b	C3an/C3-C21-C3bb	C3-C3fc-C40g-C3b-C3an-C21-C3fd-C3s-C3bb	C3/C3b	G3b	G3am
127556	MX57	19371.0	0	0	0	0	0	0	0	0	0	0	0
127504	MX5	16485.0	0	0	0	0	0	0	0	0	0	0	0
127550	MX51	13799.0	0	0	0	0	0	0	0	0	0	0	0
127521	MX22	11446.0	0	0	0	0	0	0	0	0	0	0	0
127559	MX60	13016.0	0	0	0	0	0	0	0	0	0	0	0
127520	MX21	22229.0	0	0	0	0	0	0	0	0	0	0	0
127563	MX64	14816.0	0	0	0	0	0	0	0	0	0	0	0
127557	MX58	16469.0	0	0	0	0	0	0	0	0	0	0	0
127516	MX17	14753.0	0	0	0	0	0	0	0	0	0	0	0
127560	MX61	17082.0	0	0	0	0	0	0	0	0	0	0	0
127506	MX7	17012.0	0	0	0	0	0	0	0	0	0	0	0
127562	MX63	20860.0	0	0	0	0	0	0	0	0	0	0	0
127526	MX27	11047.0	0	0	0	0	0	0	0	0	0	0	0
127561	MX62	12001.0	0	0	0	0	0	0	0	0	0	0	0
127615	MX118	23244.0	0	0	0	0	0	0	0	0	0	0	0
127522	MX23	14099.0	0	0	0	0	0	0	0	0	0	0	0
127532	MX33	14801.0	0	0	0	0	0	0	0	0	0	0	0
127500	MX1	15942.0	0	0	0	0	0	0	0	0	0	0	0
127574	MX75	11205.0	0	0	0	0	0	0	0	0	0	0	0
127622	MX125	13277.0	0	0	0	0	0	0	0	0	0	0	0
127591	MX93	6700.0	0	0	0	0	0	0	0	0	0	0	0
127606	MX108	11196.0	0	0	0	0	0	0	0	0	0	0	0
127564	MX65	15366.0	0	0	0	0	0	0	0	0	0	0	0
127527	MX28	12853.0	0	0	0	0	0	0	0	0	0	0	0
127620	MX123	18866.0	0	0	0	0	0	0	0	0	0	0	0
127569	MX70	5593.0	0	0	0	0	0	0	0	0	0	0	0
127610	MX112	492.0	0	0	0	0	0	0	0	0	0	0	0
127600	MX102	23792.0	0	0	0	0	0	0	0	0	0	0	0
127571	MX72	12142.0	0	0	0	0	0	0	0	0	0	0	0
127611	MX113	19747.0	0	0	0	0	0	0	0	0	0	0	0
127598	MX100	6563.0	0	0	0	0	0	0	0	0	0	0	0
127572	MX73	14864.0	0	0	0	0	0	0	0	0	0	0	0
127523	MX24	14319.0	0	0	0	0	0	0	0	0	0	0	0
127621	MX124	15831.0	0	0	0	0	0	0	0	0	0	0	0
127529	MX30	0	9308.0	0	0	0	0	0	0	0	0	0	0
127536	MX37	0	13241.0	0	0	0	0	0	0	0	0	0	0
127530	MX31	0	17904.0	0	0	0	0	0	0	0	0	0	0
127524	MX25	0	12980.0	0	0	0	0	0	0	0	0	0	0
127546	MX47	0	17767.0	0	0	0	0	0	0	0	0	0	0
127539	MX40	0	10186.0	0	0	0	0	0	0	0	0	0	0
127544	MX45	0	20026.0	0	0	0	0	0	0	0	0	0	0
127543	MX44	0	9798.0	0	0	0	0	0	0	0	0	0	0
127542	MX43	0	11914.0	0	0	0	0	0	0	0	0	0	0
127533	MX34	0	9150.0	0	0	0	0	0	0	0	0	0	0
127541	MX42	0	10067.0	0	0	0	0	0	0	0	0	0	0
127513	MX14	0	7538.0	0	0	0	0	0	0	0	0	0	0
127531	MX32	0	13867.0	0	0	0	0	0	0	0	0	0	0
127514	MX15	0	21195.0	0	0	0	0	0	0	0	0	0	0
127510	MX11	0	11739.0	0	0	0	0	0	0	0	0	0	0
127508	MX9	0	8459.0	0	0	0	0	0	0	0	0	0	0
127534	MX35	0	13853.0	0	0	0	0	0	0	0	0	0	0
127545	MX46	0	10359.0	0	0	0	0	0	0	0	0	0	0
127537	MX38	0	5847.0	0	0	0	0	0	0	0	0	0	0
127538	MX39	0	16124.0	0	0	0	0	0	0	0	0	0	0
127540	MX41	0	17354.0	0	0	0	0	0	0	0	0	0	0
127528	MX29	0	15538.0	0	0	0	0	0	0	0	0	0	0
127535	MX36	0	5829.0	0	0	0	0	0	0	0	0	0	0
127509	MX10	0	6716.0	0	0	0	0	0	0	0	0	140.0	478.0
127597	MX99	0	0	14047.0	0	0	0	0	0	0	0	0	0
127503	MX4	0	0	716.0	0	0	0	0	0	0	0	0	0
127583	MX85	0	0	11501.0	0	0	0	0	0	0	0	0	0
127608	MX110	0	0	12910.0	0	0	0	0	0	0	0	0	0
127501	MX2	0	0	11768.0	0	0	0	0	0	0	0	0	0
127576	MX78	0	0	13490.0	0	0	0	0	0	0	0	0	0
127578	MX80	0	0	21604.0	0	0	0	0	0	0	0	0	0
127589	MX91	0	0	9646.0	0	0	0	0	0	0	0	0	0
127588	MX90	0	0	8219.0	0	0	0	0	0	0	0	0	0
127609	MX111	0	0	22799.0	0	0	0	0	0	0	0	0	0
127618	MX121	0	0	6982.0	0	0	0	0	0	0	0	0	0
127581	MX83	0	0	13792.0	0	0	0	0	0	0	0	0	0
127616	MX119	0	0	25867.0	0	0	0	0	0	0	0	0	0
127614	MX117	0	0	11711.0	0	0	0	0	0	0	0	0	0
127613	MX116	0	0	17905.0	0	0	0	0	0	0	0	0	0
127575	MX77	0	0	7280.0	0	0	0	0	0	0	0	0	0
127567	MX68	0	0	5030.0	0	0	0	0	0	0	0	0	0
127549	MX50	0	0	11353.0	0	0	0	0	0	0	0	0	0
127617	MX120	0	0	13404.0	0	0	0	0	0	0	0	0	0
127604	MX106	0	0	0	21576.0	0	0	0	0	0	0	0	0
127525	MX26	0	0	0	14439.0	0	0	0	0	0	0	0	0
127565	MX66	0	0	0	9132.0	0	0	0	0	0	0	0	0
127511	MX12	0	0	0	3840.0	0	0	0	0	0	0	0	0
127515	MX16	0	0	0	12263.0	0	0	0	0	0	0	0	0
127601	MX103	0	0	0	18722.0	0	0	0	0	0	0	0	0
127593	MX95	0	0	0	8622.0	0	0	0	0	0	0	0	0
127585	MX87	0	0	0	11297.0	0	0	0	0	0	0	0	0
127580	MX82	0	0	0	16415.0	0	0	0	0	0	0	0	0
127502	MX3	0	0	0	14046.0	0	0	0	0	0	0	0	0
127590	MX92	0	0	0	12786.0	0	0	0	0	0	0	0	0
127505	MX6	0	0	0	9072.0	0	0	0	0	0	0	0	0
127573	MX74	0	0	0	15870.0	0	0	0	0	0	0	0	0
127558	MX59	0	0	0	15565.0	0	0	0	0	0	0	0	0
127512	MX13	0	0	0	21382.0	0	0	0	0	0	0	0	0
127595	MX97	0	0	0	16345.0	0	0	0	0	0	0	49.0	198.0
127566	MX67	0	0	0	0	12713.0	0	0	0	0	0	0	0
127570	MX71	0	0	0	0	16003.0	0	0	0	0	0	0	0
127587	MX89	0	0	0	0	10022.0	0	0	0	0	0	0	0
127568	MX69	0	0	0	0	10602.0	0	0	0	0	0	0	0
127507	MX8	0	0	0	0	7725.0	0	0	0	0	0	0	0
127596	MX98	0	0	0	0	13904.0	0	0	0	0	0	0	0
127599	MX101	0	0	0	0	15112.0	0	0	0	0	0	0	0
127586	MX88	0	0	0	0	14998.0	0	0	0	0	0	0	0
127603	MX105	0	0	0	0	21150.0	0	0	0	0	0	0	0
127547	MX48	0	0	0	0	6923.0	0	0	0	0	0	0	0
127602	MX104	0	0	0	0	2524.0	0	0	0	0	0	0	0
127579	MX81	0	0	0	0	3620.0	0	0	0	0	0	0	0
127555	MX56	0	0	0	0	2782.0	0	0	0	0	0	0	0
127584	MX86	0	0	0	0	0	20094.0	0	0	0	0	0	0
127605	MX107	0	0	0	0	0	13583.0	0	0	0	0	0	0
127582	MX84	0	0	0	0	0	15803.0	0	0	0	0	0	0
127594	MX96	0	0	0	0	0	14914.0	0	0	0	0	0	0
127592	MX94	0	0	0	0	0	16851.0	0	0	0	0	0	0
127577	MX79	0	0	0	0	0	4006.0	0	0	0	0	0	0
127548	MX49	0	0	0	0	0	14263.0	0	0	0	0	0	0
127519	MX20	0	0	0	0	0	0	5291.0	0	0	0	0	0
127553	MX54	0	0	0	0	0	0	3771.0	0	0	0	0	0
127517	MX18	0	0	0	0	0	0	6339.0	0	0	0	0	0
127554	MX55	0	0	0	0	0	0	6053.0	0	0	0	0	0
127552	MX53	0	0	0	0	0	0	5494.0	0	0	0	0	0
127551	MX52	0	0	0	0	0	0	2982.0	0	0	0	0	0
127612	MX115	0	0	0	0	0	0	0	19047.0	0	0	0	0
127607	MX109	0	0	0	0	0	0	0	8438.0	0	0	0	0
127623	MX126	0	0	0	0	0	0	0	15252.0	0	0	0	0
127619	MX122	0	0	0	0	0	0	0	0	36833.0	0	0	0
127518	MX19	0	0	0	0	0	0	0	0	0	13829.0	0	0
Sequence accession / SymPortal UID		32-41-12353-1354-86219-80-982	32-41-1354-12353-366132-80-982	32-2554-41-982-1354-38767-86219-38269	32-41-80-1354-12353-71406-982	32-2554-38767-982-41-1354-38269	32-41-1354-2554-80-982-12353	32-41-1398209-1398207-870324-1398206-2507-80	32-41-1354-982	32-41-1354-12353-80-982-38269-71406-891943	80-32	56961	1161970
Average defining sequence proportions and [stdev]		0.697[0.041]-0.074[0.024]-0.072[0.019]-0.051[0.016]-0.048[0.026]-0.032[0.013]-0.027[0.005]	0.687[0.026]-0.075[0.010]-0.067[0.007]-0.054[0.006]-0.053[0.013]-0.040[0.010]-0.023[0.005]	0.585[0.048]-0.112[0.055]-0.079[0.028]-0.058[0.014]-0.050[0.008]-0.046[0.020]-0.039[0.036]-0.030[0.006]	0.685[0.043]-0.069[0.013]-0.069[0.034]-0.067[0.023]-0.053[0.015]-0.030[0.007]-0.026[0.003]	0.550[0.064]-0.172[0.040]-0.074[0.021]-0.072[0.012]-0.058[0.008]-0.042[0.010]-0.033[0.006]	0.656[0.026]-0.071[0.008]-0.068[0.011]-0.065[0.018]-0.053[0.017]-0.045[0.007]-0.041[0.010]	0.540[0.070]-0.080[0.012]-0.079[0.028]-0.077[0.024]-0.073[0.022]-0.064[0.021]-0.053[0.008]-0.034[0.012]	0.758[0.012]-0.139[0.010]-0.069[0.003]-0.035[0.001]	0.623[nan]-0.107[nan]-0.076[nan]-0.060[nan]-0.040[nan]-0.033[nan]-0.029[nan]-0.022[nan]-0.009[nan]	0.669[nan]-0.331[nan]	1.000[0.000]	1.000[0.000]
