ITS2 type profile UID		250779	250224	250230	250223	250232	250221	250222	251256
Clade		C	C	C	C	C	C	C	D
Majority ITS2 sequence		C40	C40	C40	C40	C40	C40	C40	D1
Associated species		None	None	None	None	None	None	None	None
ITS2 profile abundance local		33	7	5	2	2	1	1	1
ITS2 profile abundance DB		329	48	97	18	19	10	36	383
ITS2 type profile		C40-C3-C115-C40h-C40e	C40-C3-C40j	C40/C15h-C3-C115	C40-C3-C116-C115	C40-C40i-C3-C115	C40/C15h-C3	C40-C40i-C3	D1-D4-D4c-D1c-D2
113741	48	7690.0	0	0	0	0	0	0	0
113750	16	5876.0	0	0	0	0	0	0	0
113734	59	8879.0	0	0	0	0	0	0	0
113757	77	5842.0	0	0	0	0	0	0	0
113733	70	5462.0	0	0	0	0	0	0	0
113751	18	9078.0	0	0	0	0	0	0	0
113765	66	3407.0	0	0	0	0	0	0	0
113758	7	9506.0	0	0	0	0	0	0	0
113732	72	5375.0	0	0	0	0	0	0	0
113756	78	5607.0	0	0	0	0	0	0	0
113770	93	6262.0	0	0	0	0	0	0	0
113747	24	7954.0	0	0	0	0	0	0	0
113766	64	6733.0	0	0	0	0	0	0	0
113727	40	5870.0	0	0	0	0	0	0	0
113724	46	6493.0	0	0	0	0	0	0	0
113749	25	5881.0	0	0	0	0	0	0	0
113753	20	3641.0	0	0	0	0	0	0	0
113754	76	5277.0	0	0	0	0	0	0	0
113764	14	8709.0	0	0	0	0	0	0	0
113744	52	7311.0	0	0	0	0	0	0	0
113762	11	2289.0	0	0	0	0	0	0	0
113737	34	7650.0	0	0	0	0	0	0	0
113748	22	8203.0	0	0	0	0	0	0	0
113768	61	2359.0	0	0	0	0	0	0	0
113729	82	4328.0	0	0	0	0	0	0	0
113738	33	6520.0	0	0	0	0	0	0	0
113740	28	6181.0	0	0	0	0	0	0	0
113759	8	6250.0	0	0	0	0	0	0	0
113728	41	6116.0	0	0	0	0	0	0	0
113773	1521	4709.0	0	0	0	0	0	0	0
113739	27	2637.0	0	0	0	0	0	0	0
113771	95	2578.0	0	0	0	0	0	0	0
113731	81	6522.0	0	0	0	0	0	0	0
113746	56	0	8044.0	0	0	0	0	0	0
113726	43	0	7444.0	0	0	0	0	0	0
113774	1523	0	6467.0	0	0	0	0	0	0
113725	44	0	4763.0	0	0	0	0	0	0
113769	90	0	2494.0	0	0	0	0	0	0
113730	83	0	5584.0	0	0	0	0	0	0
113772	89	0	5328.0	0	0	0	0	0	2633.0
113742	49	0	0	6478.0	0	0	0	0	0
113735	58	0	0	7269.0	0	0	0	0	0
113736	35	0	0	7105.0	0	0	0	0	0
113755	80	0	0	5201.0	0	0	0	0	0
113745	55	0	0	5824.0	0	0	0	0	0
113743	30	0	0	0	7987.0	0	0	0	0
113767	65	0	0	0	5934.0	0	0	0	0
113763	10	0	0	0	0	6034.0	0	0	0
113752	17	0	0	0	0	7170.0	0	0	0
113760	15	0	0	0	0	0	2481.0	0	0
113761	12	0	0	0	0	0	0	5048.0	0
Sequence accession / SymPortal UID		25860-32-20866-348152-1345	25860-32-39511	25860-1584-32-20866	25860-32-632-20866	25860-41818-32-20866	25860-1584-32	25860-32-41818	853-854-1730-2308-855
Average defining sequence proportions and [stdev]		0.868[0.025]-0.069[0.013]-0.036[0.012]-0.017[0.005]-0.010[0.003]	0.920[0.011]-0.059[0.008]-0.020[0.007]	0.729[0.150]-0.187[0.140]-0.056[0.003]-0.028[0.016]	0.885[0.009]-0.050[0.002]-0.035[0.008]-0.030[0.004]	0.791[0.106]-0.119[0.110]-0.071[0.005]-0.019[0.010]	0.635[nan]-0.329[nan]-0.036[nan]	0.870[nan]-0.076[nan]-0.053[nan]	0.597[nan]-0.299[nan]-0.049[nan]-0.042[nan]-0.014[nan]
