ITS2 type profile UID		42974	42816	42837	43192	42973
Clade		C	C	C	C	C
Majority ITS2 sequence		C1d	C21/C3	C1d	C1	C3
Associated species		None	None	None	S. goreaui	None
ITS2 profile abundance local		75	15	1	1	1
ITS2 profile abundance DB		124	58	47	95	43
ITS2 type profile		C1d-C1bl-C42.2-C1-C1b	C3/C21-C3at-C3b-C3av-C3dp	C1d-C42.2-C1-C1k	C1-C1c-C1b-C1al-C42.2	C21/C3
77271	Rec5_T3	19453.0	0	0	0	0
77295	Rec11_T3	24277.0	0	0	0	0
77264	Rec3_T4	21137.0	0	0	0	0
77268	Rec4_T4	19836.0	0	0	0	0
77256	Rec1_T4	19921.0	0	0	0	0
77299	Rec12_T3	38268.0	0	0	0	0
77257	Rec2_T1	30482.0	0	0	0	0
77294	Rec11_T2	38003.0	0	0	0	0
77275	Rec6_T3	27690.0	0	0	0	0
77255	Rec1_T3	29641.0	0	0	0	0
77252	PociE_T4	23004.0	0	0	0	0
77259	Rec2_T3	44470.0	0	0	0	0
77270	Rec5_T2	22502.0	0	0	0	0
77298	Rec12_T2	28678.0	0	0	0	0
77283	Rec8_T3	24287.0	0	0	0	0
77303	Rec13_T3	28767.0	0	0	0	0
77291	Rec10_T3	36180.0	0	0	0	0
77296	Rec11_T4	13678.0	0	0	0	0
77308	Rec14_T4	15809.0	0	0	0	0
77300	Rec12_T4	19209.0	0	0	0	0
77307	Rec14_T3	16677.0	0	0	0	0
77311	Rec15_T3	17915.0	0	0	0	0
77254	Rec1_T2	21728.0	0	0	0	0
77309	Rec15_T1	22707.0	0	0	0	0
77258	Rec2_T2	18447.0	0	0	0	0
77304	Rec13_T4	10863.0	0	0	0	0
77262	Rec3_T2	24744.0	0	0	0	0
77266	Rec4_T2	17387.0	0	0	0	0
77263	Rec3_T3	16092.0	0	0	0	0
77282	Rec8_T2	25546.0	0	0	0	0
77301	Rec13_T1	38708.0	0	0	0	0
77287	Rec9_T3	31990.0	0	0	0	0
77278	Rec7_T2	20705.0	0	0	0	0
77288	Rec9_T4	28043.0	0	0	0	0
77306	Rec14_T2	35353.0	0	0	0	0
77260	Rec2_T4	23555.0	0	0	0	0
77284	Rec8_T4	29746.0	0	0	0	0
77290	Rec10_T2	37650.0	0	0	0	0
77249	PociD_T4	11840.0	0	0	0	0
77310	Rec15_T2	16226.0	0	0	0	0
77245	PociC_T3	15966.0	0	0	0	0
77247	PociD_T2	29275.0	0	0	0	0
77279	Rec7_T3	19819.0	0	0	0	0
77302	Rec13_T2	35615.0	0	0	0	0
77276	Rec6_T4	15053.0	0	0	0	0
77267	Rec4_T3	16718.0	0	0	0	0
77293	Rec11_T1	26668.0	0	0	0	0
77305	Rec14_T1	29029.0	0	0	0	0
77280	Rec7_T4	13820.0	0	0	0	0
77244	PociC_T2	23498.0	0	0	0	0
77292	Rec10_T4	18307.0	0	0	0	374.0
77272	Rec5_T4	16788.0	0	0	0	0
77277	Rec7_T1	21338.0	0	0	0	0
77297	Rec12_T1	37449.0	0	0	0	0
77251	PociE_T3	18308.0	0	0	0	0
77250	PociE_T2	35655.0	0	0	0	0
77240	PociA_T4	11170.0	0	0	0	0
77312	Rec15_T4	20980.0	0	0	0	0
77246	PociC_T4	10281.0	0	0	0	0
77243	PociB_T4	21050.0	0	0	0	0
77265	Rec4_T1	21279.0	0	0	0	0
77261	Rec3_T1	21856.0	0	0	0	0
77241	PociB_T2	26902.0	0	0	0	0
77239	PociA_T3	16589.0	0	0	0	0
77281	Rec8_T1	22112.0	0	0	0	0
77285	Rec9_T1	39820.0	0	0	0	0
77289	Rec10_T1	17038.0	0	0	0	0
77242	PociB_T3	15219.0	0	0	0	0
77269	Rec5_T1	36036.0	0	0	0	0
77274	Rec6_T2	17668.0	0	0	0	0
77248	PociD_T3	22795.0	0	0	0	0
77238	PociA_T2	36154.0	0	0	0	0
77253	Rec1_T1	38070.0	0	0	0	0
77273	Rec6_T1	21966.0	0	0	0	0
77286	Rec9_T2	30142.0	0	0	0	0
77233	PlatyD_T3	0	17035.0	0	0	0
77232	PlatyD_T2	0	17965.0	0	0	0
77235	PlatyE_T2	0	24579.0	0	0	0
77226	PlatyB_T2	0	32472.0	0	0	0
77224	PlatyA_T3	0	20140.0	0	0	0
77230	PlatyC_T3	0	29519.0	0	0	0
77229	PlatyC_T2	0	34833.0	0	0	0
77227	PlatyB_T3	0	32378.0	0	0	0
77236	PlatyE_T3	0	18173.0	0	0	0
77237	PlatyE_T4	0	14622.0	0	0	0
77231	PlatyC_T4	0	11437.0	0	0	0
77228	PlatyB_T4	0	8275.0	0	0	0
77225	PlatyA_T4	0	5709.0	0	0	0
77234	PlatyD_T4	0	4657.0	5895.0	0	0
77223	PlatyA_T2	0	10063.0	0	18448.0	0
Sequence accession / SymPortal UID		106-43221-1-2-4	41/32-20824-80-9767-2416	106-1-2-109	2-308-4-1-828	32-41
Average defining sequence proportions and [stdev]		0.567[0.048]-0.219[0.029]-0.125[0.020]-0.070[0.020]-0.019[0.008]	0.481[0.031]/0.383[0.039]-0.054[0.010]-0.032[0.005]-0.030[0.005]-0.020[0.003]	0.672[nan]-0.161[nan]-0.139[nan]-0.028[nan]	0.864[nan]-0.076[nan]-0.032[nan]-0.016[nan]-0.011[nan]	0.639[nan]-0.361[nan]
