ITS2 type profile UID		72781	72813	73022	73097	73014	73094	72808	73452	73132	72829	72940	73137	73203	73045	72791
Clade		B	C	C	C	C	C	C	C	C	C	C	C	C	C	C
Majority ITS2 sequence		B18a	C40	C1	C3	C1	C1	C3	C1/C42.2	C42.2	C21	C21	C3k	C50x	C42.2	C1
Associated species		None	None	S. goreaui	None	S. goreaui	S. goreaui	None	S. goreaui	None	None	None	None	None	S. goreaui	S. goreaui
ITS2 profile abundance local		1	17	12	8	3	2	2	2	2	2	1	1	1	1	1
ITS2 profile abundance DB		1	56	267	11	77	35	20	182	47	62	23	21	1	48	47
ITS2 type profile		B18a	C40-C3-C115	C1d/C1/C42.2/C3-C1b-C3cg-C45c-C115k-C1au-C41p	C3-C3.10-C3b-C29	C42.2/C1-C1b-C3-C1au	C1/C42.2/C3-C1b	C3/C3b	C1/C42.2/C42a/C1b-C1az-C1au-C3-C115d-C1j	C42.2	C3/C21/C3av-C3at-C3b-C3dp	C21	C3k	C50x	C1/C42.2-C1b-C42u-C1au-C42a-C115l-C1az-C115d	C1
109075	113	0	90495.0	0	0	0	0	0	0	0	0	0	0	0	0	0
109030	23	0	106520.0	0	0	0	0	0	0	0	0	0	0	0	0	0
109031	25	0	99829.0	0	0	0	0	0	0	0	0	0	0	0	0	0
109047	57	0	70138.0	0	0	0	0	0	0	0	0	0	0	0	0	0
109050	63	0	93496.0	0	0	0	0	0	0	0	0	0	0	0	0	0
109032	27	0	114492.0	0	0	0	0	0	0	0	0	0	0	0	0	0
109049	61	0	105619.0	0	0	0	0	0	0	0	0	0	0	0	0	0
109048	59	0	111906.0	0	0	0	0	0	0	0	0	0	0	0	0	0
109020	1	0	109224.0	0	0	0	0	0	0	0	0	0	0	0	0	0
109025	13	0	143653.0	0	0	0	0	0	0	0	0	0	0	0	0	0
109023	9	0	84247.0	0	0	0	0	0	0	0	0	0	0	0	0	0
109027	17	0	135724.0	0	0	0	0	0	0	0	0	0	0	0	0	0
109033	29	0	118943.0	0	0	0	0	0	0	0	0	0	0	0	0	0
109021	3	0	97095.0	0	0	0	0	0	0	0	0	0	0	0	0	0
109034	31	0	124699.0	0	0	0	0	0	0	0	0	0	0	0	0	0
109024	11	0	113462.0	0	0	0	0	0	0	0	0	0	0	0	0	0
109037	37	0	113529.0	0	0	0	0	0	0	0	0	0	0	0	0	0
109051	65	0	0	107555.0	0	0	0	0	0	0	0	0	0	0	0	0
109071	105	0	0	99021.0	0	0	0	0	0	0	0	0	0	0	0	0
109067	97	0	0	94384.0	0	0	0	0	0	0	0	0	0	0	0	0
109070	103	0	0	119274.0	0	0	0	0	0	0	0	0	0	0	0	0
109072	107	0	0	129894.0	0	0	0	0	0	0	0	0	0	0	0	0
109063	89	0	0	115383.0	0	0	0	0	0	0	0	0	0	0	0	0
109066	95	0	0	88287.0	0	0	0	0	0	0	0	0	0	0	0	0
109062	87	0	0	94188.0	0	0	0	0	0	0	0	0	0	0	0	0
109074	111	0	0	49178.0	0	0	0	0	0	0	0	0	0	0	0	0
109083	129	0	0	116985.0	0	0	0	0	0	0	0	0	0	0	0	0
109082	127	0	0	69692.0	0	0	0	0	0	0	0	0	0	0	0	0
109059	81	0	0	65705.0	0	0	0	0	0	0	0	0	0	0	0	0
109043	49	0	0	0	8621.0	0	0	0	0	0	0	0	0	0	0	0
109080	123	0	0	0	44592.0	0	0	0	0	0	0	0	0	0	0	0
109057	77	0	0	0	41159.0	0	0	0	0	0	0	0	0	0	0	0
109041	45	0	0	0	36848.0	0	0	0	0	0	0	0	0	0	0	0
109085	133	0	0	0	58688.0	0	0	0	0	0	0	0	0	0	0	0
109076	115	0	0	0	43505.0	0	0	0	0	0	0	0	0	0	0	0
109035	33	0	0	0	24694.0	0	0	0	0	0	0	0	0	0	0	0
109039	41	0	0	0	41906.0	0	0	0	0	0	0	4613.0	0	0	0	0
109060	83	0	0	0	0	77876.0	0	0	0	0	0	0	0	0	0	0
109077	117	0	0	0	0	67493.0	0	0	0	0	0	0	0	0	0	0
109068	99	0	0	0	0	31251.0	0	0	0	0	0	0	0	0	0	0
109064	91	0	0	0	0	0	49401.0	0	0	0	0	0	0	0	0	0
109078	119	0	0	0	0	0	52218.0	0	0	0	0	0	0	0	0	0
109029	21	0	0	0	0	0	0	46369.0	0	0	0	0	0	0	0	0
109022	5	0	0	0	0	0	0	39740.0	0	0	0	0	0	0	0	0
109073	109	0	0	0	0	0	0	0	98162.0	0	0	0	0	0	0	0
109084	131	0	0	0	0	0	0	0	40497.0	0	0	0	0	0	0	0
109081	125	0	0	0	0	0	0	0	0	352.0	0	0	0	0	0	0
109061	85	0	0	0	0	0	0	0	0	12244.0	0	0	0	0	0	6167.0
109028	19	0	0	0	0	0	0	0	0	0	95380.0	0	0	0	0	0
109026	15	0	0	0	0	0	0	0	0	0	100705.0	0	0	0	0	0
109044	51	4306.0	0	0	0	0	0	0	0	0	0	0	0	0	0	0
109036	35	0	0	0	0	0	0	0	0	0	0	0	353.0	592.0	0	0
109058	79	0	0	0	0	0	0	0	0	0	0	0	0	0	25567.0	0
109079	121	0	0	0	0	0	0	0	0	0	0	0	0	0	0	0
109069	101	0	0	0	0	0	0	0	0	0	0	0	0	0	0	0
109065	93	0	0	0	0	0	0	0	0	0	0	0	0	0	0	0
109056	75	0	0	0	0	0	0	0	0	0	0	0	0	0	0	0
109055	73	0	0	0	0	0	0	0	0	0	0	0	0	0	0	0
109054	71	0	0	0	0	0	0	0	0	0	0	0	0	0	0	0
109053	69	0	0	0	0	0	0	0	0	0	0	0	0	0	0	0
109052	67	0	0	0	0	0	0	0	0	0	0	0	0	0	0	0
109046	55	0	0	0	0	0	0	0	0	0	0	0	0	0	0	0
109045	53	0	0	0	0	0	0	0	0	0	0	0	0	0	0	0
109042	47	0	0	0	0	0	0	0	0	0	0	0	0	0	0	0
109040	43	0	0	0	0	0	0	0	0	0	0	0	0	0	0	0
109038	39	0	0	0	0	0	0	0	0	0	0	0	0	0	0	0
Sequence accession / SymPortal UID		62775	25860-32-20866	2-1-4-108-117-5-32-106-118-20	32-71-80-858	2-1-4-32-20	2-1-4-32	32-80	2/1-4-358-15-32-20-214-82	1	41-32-20824-80-9767-2416	41	37	21219	1-214-326-358-2-4-69866-20-82	2
Average defining sequence proportions and [stdev]		1.000[nan]	0.895[0.028]-0.063[0.023]-0.042[0.011]	0.365[0.016]-0.273[0.038]-0.115[0.020]-0.091[0.035]-0.039[0.014]-0.035[0.010]-0.029[0.007]-0.021[0.013]-0.018[0.007]-0.015[0.005]	0.745[0.036]-0.119[0.044]-0.070[0.032]-0.066[0.062]	0.422[0.037]-0.313[0.116]-0.194[0.088]-0.040[0.017]-0.031[0.016]	0.444[0.080]-0.316[0.037]-0.176[0.059]-0.064[0.058]	0.978[0.001]-0.022[0.001]	0.330[0.016]/0.308[0.021]-0.149[0.002]-0.047[0.007]-0.046[0.002]-0.046[0.014]-0.033[0.017]-0.031[0.003]-0.009[0.002]	1.000[0.000]	0.589[0.014]-0.298[0.005]-0.038[0.000]-0.029[0.001]-0.026[0.001]-0.021[0.006]	1.000[nan]	1.000[nan]	1.000[nan]	0.225[nan]-0.157[nan]-0.145[nan]-0.144[nan]-0.120[nan]-0.087[nan]-0.081[nan]-0.035[nan]-0.008[nan]	1.000[nan]
