ITS2 type profile UID		42970	42971	42972	42846	43200	43010	42961	43315	43316	43310	43321	43125	43138	43137	43324	43099	43313	43319	43087	43083	43149	43123	43311	43092	43312	43322	43088	43095	43355	43127
Clade		C	C	C	C	C	C	C	D	D	D	D	D	D	D	D	D	D	D	D	D	D	D	D	D	D	D	D	D	D	D
Majority ITS2 sequence		C3u/C3/C115/C27	C27/C3/C3u	C3/C3u	C27	C3/C3u/C115	C27	C15h	D1	D1/D4	D1	D1	D1	D1	D1/D4/D17f	D1	D1	D1	D1	D1	D1	D17f	D1	D1	D4	D1	D1	D4	D1	D1	D1
Associated species		None	None	None	None	None	None	None	S. trenchii	S. trenchii	S. trenchii	S. trenchii	S. trenchii	S. trenchii	S. trenchii	S. glynnii,S. trenchii	S. trenchii	S. trenchii	S. glynnii,S. trenchii	S. trenchii	S. trenchii	None	S. glynnii,S. trenchii	S. trenchii	S. glynnii,S. trenchii	S. trenchii	S. trenchii	S. trenchii	S. trenchii	S. glynnii,S. trenchii	S. trenchii
ITS2 profile abundance local		271	112	35	9	7	4	3	67	48	39	17	17	14	13	11	10	8	7	7	6	5	3	2	2	1	1	1	1	1	1
ITS2 profile abundance DB		271	112	35	12	7	9	17	67	50	45	24	42	14	13	56	26	71	36	24	31	5	72	49	28	332	35	45	37	20	23
ITS2 type profile		C3u/C3/C115/C27-C3bn	C27/C3/C3u-C115	C3/C3u-C115-C3ed	C27-C3	C3/C3u/C115-C27-C3b	C27-C21-C27a	C15h	D1-D4-D4c-D4f-D1l-D1c	D1/D4-D4c-D1c-D17d	D1-D4-D4c-D4f-D1c	D1-D4-D1c-D17d-D1r-D17e-D17c	D1/D4-D4c-D4f	D1-D4-D4c-D4f-D1l	D1/D4/D17f-D9a	D1-D4-D4c-D6-D2-D1c-D4f	D1/D4-D1c	D1-D4-D17d-D17c-D17e-D1r-D4c-D1c-D17j-D17l-D17k	D1-D4-D6-D4c-D2	D1-D4-D4c-D1c	D1/D4/D4c	D17f	D1-D4-D6-D4c-D4f	D1-D4-D4c-D1h-D1c	D1/D4/D6	D1/D4-D4c-D1h-D1c-D2	D1-D4-D4c-D2-D4f-D1h	D1/D4	D1-D4-D4c-D1c-D2	D1/D4-D6-D4c	D1-D4-D2-D4c-D4f
76360	SEM_O15	19973.0	0	0	0	0	0	0	0	0	0	0	0	0	0	0	0	0	0	0	0	0	0	0	0	0	0	0	0	0	0
76356	SEM_O11	9054.0	0	0	0	0	0	0	0	0	0	0	0	0	0	0	0	0	0	0	0	0	0	0	0	0	0	0	0	0	0
76319	SEM_D04	20847.0	0	0	0	0	0	0	0	0	0	0	0	0	0	0	0	0	0	0	0	0	0	0	0	0	0	0	0	0	0
76048	KUS_O01	12926.0	0	0	0	0	0	0	0	0	0	0	0	0	0	0	0	0	0	0	0	0	0	0	0	0	0	0	0	0	0
76035	KUS_M03	23254.0	0	0	0	0	0	0	0	0	0	0	0	0	0	0	0	0	0	0	0	0	0	0	0	0	0	0	0	0	0
76034	KUS_M02	14214.0	0	0	0	0	0	0	0	0	0	0	0	0	0	0	0	0	0	0	0	0	0	0	0	0	0	0	0	0	0
76255	RAF_D15	23592.0	0	0	0	0	0	0	0	0	0	0	0	0	0	0	0	0	0	0	0	0	0	0	0	0	0	0	0	0	0
76047	KUS_M15	15332.0	0	0	0	0	0	0	0	0	0	0	0	0	0	0	0	0	0	0	0	0	0	0	0	0	0	0	0	0	0
76036	KUS_M04	13486.0	0	0	0	0	0	0	0	0	0	0	0	0	0	0	0	0	0	0	0	0	0	0	0	0	0	0	0	0	0
76358	SEM_O13	8295.0	0	0	0	0	0	0	0	0	0	0	0	0	0	0	0	0	0	0	0	0	0	0	0	0	0	0	0	0	0
76207	PJO_O11	12038.0	0	0	0	0	0	0	0	0	0	0	0	0	0	0	0	0	0	0	0	0	0	0	0	0	0	0	0	0	0
76320	SEM_D05	19107.0	0	0	0	0	0	0	0	0	0	0	0	0	0	0	0	0	0	0	0	0	0	0	0	0	0	0	0	0	0
76120	PHA_M13	18260.0	0	0	0	0	0	0	0	309.0	0	0	0	0	0	0	0	0	0	0	0	0	0	0	0	0	0	0	0	0	0
76325	SEM_D10	8358.0	0	0	0	0	0	0	0	0	0	0	0	0	0	0	0	0	0	0	0	0	0	0	0	0	0	0	0	0	0
76044	KUS_M12	16411.0	0	0	0	0	0	0	0	0	0	0	0	0	0	0	0	0	0	0	0	0	0	0	0	0	0	0	0	0	0
76041	KUS_M09	22326.0	0	0	0	0	0	0	0	0	0	0	0	0	0	0	0	0	0	0	0	0	0	0	0	0	0	0	0	0	0
76326	SEM_D11	5890.0	0	0	0	0	0	0	0	0	0	0	0	0	0	0	0	0	0	0	0	0	0	0	0	0	0	0	0	0	0
76046	KUS_M14	18247.0	0	0	0	0	0	0	0	0	0	0	0	0	0	0	0	0	0	0	0	0	0	0	0	0	0	0	0	0	0
76351	SEM_O06	8917.0	0	0	0	0	0	0	0	0	0	0	0	0	0	0	0	0	0	0	0	0	0	0	0	0	0	0	0	0	0
76042	KUS_M10	8879.0	0	0	0	0	0	0	0	0	0	0	0	0	0	0	0	0	0	0	0	0	0	0	0	0	0	0	0	0	0
76043	KUS_M11	17393.0	0	0	0	0	0	0	0	0	0	0	0	0	0	0	0	0	0	0	0	0	0	0	0	0	0	0	0	0	0
76030	KUS_D13	22975.0	0	0	0	0	0	0	0	0	0	0	0	0	0	0	0	0	0	0	0	0	0	0	0	0	0	0	0	0	0
76037	KUS_M05	21813.0	0	0	0	0	0	0	0	0	0	0	0	0	0	0	0	0	0	0	0	0	0	0	0	0	0	0	0	0	0
76055	KUS_O08	11085.0	0	0	0	0	0	0	0	0	0	0	0	0	0	0	0	0	0	0	0	0	0	0	0	0	0	0	0	0	0
76040	KUS_M08	16684.0	0	0	0	0	0	0	0	0	0	0	0	0	0	0	0	0	0	0	0	0	0	0	0	0	0	0	0	0	0
76038	KUS_M06	20445.0	0	0	0	0	0	0	0	0	0	0	0	0	0	0	0	0	0	0	0	0	0	0	0	0	0	0	0	0	0
76045	KUS_M13	30110.0	0	0	0	0	0	0	0	0	0	0	0	0	0	0	0	0	0	0	0	0	0	0	0	0	0	0	0	0	0
76247	RAF_D07	27607.0	0	0	0	0	0	0	0	0	0	0	0	0	0	0	0	0	0	0	0	0	0	0	0	0	0	0	0	0	0
76330	SEM_D15	24818.0	0	0	0	0	0	0	0	0	0	0	0	0	0	0	0	0	0	0	0	0	0	0	0	0	0	0	0	0	0
76024	KUS_D07	18706.0	0	0	0	0	0	0	0	0	0	0	0	0	0	0	0	0	0	0	0	0	0	0	0	0	0	0	0	0	0
76028	KUS_D11	23283.0	0	0	0	0	0	0	0	0	0	0	0	0	0	0	0	0	0	0	0	0	0	0	0	0	0	0	0	0	0
76026	KUS_D09	12413.0	0	0	0	0	0	0	0	0	0	0	0	0	0	0	0	0	0	0	0	0	0	0	0	0	0	0	0	0	0
76303	SEM_A03	24341.0	0	0	0	0	0	0	0	0	462.0	0	0	0	0	0	0	0	0	0	0	0	0	0	0	0	0	0	0	0	0
76313	SEM_A13	23348.0	0	0	0	0	0	0	0	0	0	0	0	0	0	0	0	0	0	0	0	0	0	0	0	0	0	0	0	0	0
76256	RAF_M01	24676.0	0	0	0	0	0	0	0	0	0	0	0	0	0	0	0	0	0	0	0	0	0	0	0	0	0	0	0	0	0
76025	KUS_D08	17884.0	0	0	0	0	0	0	0	0	0	0	0	0	0	0	0	0	0	0	0	0	0	0	0	0	0	0	0	0	0
76039	KUS_M07	16682.0	0	0	0	0	0	0	0	0	0	0	0	0	0	0	0	0	0	0	0	0	0	0	0	0	0	0	0	0	0
76323	SEM_D08	23313.0	0	0	0	0	0	0	0	0	0	0	0	0	0	0	0	0	0	0	0	0	0	0	0	0	0	0	0	0	0
76031	KUS_D14	30322.0	0	0	0	0	0	0	0	0	0	0	0	0	0	0	0	0	0	0	0	0	0	0	0	0	0	0	0	0	0
76261	RAF_M06	14414.0	0	0	0	0	0	0	0	0	0	0	0	0	0	0	0	0	0	0	0	0	0	0	0	0	0	0	0	0	0
76329	SEM_D14	7847.0	0	0	0	0	0	0	0	0	0	0	0	0	0	0	0	0	0	0	0	0	0	0	0	0	0	0	0	0	0
76317	SEM_D02	11537.0	0	0	0	0	0	0	0	0	0	0	0	0	0	0	0	0	0	0	0	0	0	0	0	0	0	0	0	0	0
76021	KUS_D04	16454.0	0	0	0	0	0	0	0	0	0	0	0	0	0	0	0	0	0	0	0	0	0	0	0	0	0	0	0	0	0
76020	KUS_D03	13349.0	0	0	0	0	0	0	0	0	0	0	0	0	0	0	0	0	0	0	0	0	0	0	0	0	0	0	0	0	0
76032	KUS_D15	24474.0	0	0	0	0	0	0	0	0	0	0	0	0	0	0	0	0	0	0	0	0	0	0	0	0	0	0	0	0	0
76033	KUS_M01	22826.0	0	0	0	0	0	0	0	0	0	0	0	0	0	0	0	0	0	0	0	0	0	0	0	0	0	0	0	0	0
76022	KUS_D05	17248.0	0	0	0	0	0	0	0	0	0	0	0	0	0	0	0	0	0	0	0	0	0	0	0	0	0	0	0	0	0
76269	RAF_M14	13353.0	0	0	0	0	0	0	0	0	0	0	0	0	0	0	0	0	0	0	0	0	0	0	0	0	0	0	0	0	0
76318	SEM_D03	18358.0	0	0	0	0	0	0	0	0	0	0	0	0	0	0	0	0	0	0	0	0	0	0	0	0	0	0	0	0	0
76260	RAF_M05	22317.0	0	0	0	0	0	0	0	0	0	0	0	0	242.0	0	0	0	0	0	0	0	0	0	0	0	0	0	0	0	0
76267	RAF_M12	12574.0	0	0	0	0	0	0	0	0	0	0	0	0	0	0	0	0	0	0	0	0	0	0	0	0	0	0	0	0	0
76029	KUS_D12	21653.0	0	0	0	0	0	0	0	0	0	0	0	0	0	0	0	0	0	0	0	0	0	0	0	0	0	0	0	0	0
76328	SEM_D13	13665.0	0	0	0	0	0	0	0	0	0	0	0	0	0	0	0	0	0	0	0	0	0	0	0	0	0	0	0	0	0
76285	RAF_O15	7833.0	0	0	0	0	0	0	0	0	0	0	0	0	0	0	0	0	0	0	0	0	0	0	0	0	0	0	0	0	0
76178	PJO_D12	11554.0	0	0	0	0	0	0	0	0	0	0	0	0	0	0	0	0	0	0	209.0	0	0	0	0	0	0	0	0	0	0
76388	SIS_A14	61449.0	0	0	0	0	0	0	1108.0	0	0	0	0	0	0	0	0	0	0	0	0	0	0	0	0	0	0	0	0	0	0
76362	SEM_P02	33441.0	0	0	0	0	0	0	0	0	0	0	0	0	0	0	0	0	0	0	0	0	0	0	0	0	0	0	0	0	0
76232	RAF_A06	8823.0	0	0	0	0	0	0	0	202.0	0	0	0	0	0	0	0	0	0	0	0	0	0	0	0	0	0	0	0	0	0
76200	PJO_O04	23805.0	0	0	0	0	0	0	0	0	0	0	0	0	0	0	0	0	0	0	0	0	0	0	0	0	0	0	0	0	0
76312	SEM_A12	15163.0	0	0	0	0	0	0	0	0	0	0	0	0	0	0	0	0	0	0	0	0	0	0	0	0	0	0	0	0	0
76324	SEM_D09	18962.0	0	0	0	0	0	0	0	0	0	0	0	0	0	0	0	0	0	0	0	0	0	0	0	0	0	0	0	0	0
76112	PHA_M05	18457.0	0	0	0	0	0	0	0	523.0	0	0	0	0	0	0	0	0	0	0	0	0	0	0	0	0	0	0	0	0	0
76110	PHA_M03	15334.0	0	0	0	0	0	0	0	435.0	0	0	0	0	0	0	0	0	0	0	0	0	0	0	0	0	0	0	0	0	0
76018	KUS_D01	17096.0	0	0	0	0	0	0	0	0	0	0	0	0	0	0	0	0	0	0	0	0	0	0	0	0	0	0	0	0	0
76321	SEM_D06	20629.0	0	0	0	0	0	0	0	0	0	0	0	0	0	0	0	0	0	0	0	0	0	0	0	0	0	0	0	0	0
76099	PHA_D07	16226.0	0	0	0	0	0	0	0	332.0	0	0	0	0	0	0	0	0	0	0	0	0	0	0	0	0	0	0	0	0	0
76242	RAF_D02	7869.0	0	0	0	0	0	0	0	0	0	0	0	0	0	0	0	0	0	0	0	0	0	0	0	0	0	0	0	0	0
76111	PHA_M04	11063.0	0	0	0	0	0	0	302.0	0	0	0	0	0	0	0	0	0	0	0	0	0	0	0	0	0	0	0	0	0	0
76027	KUS_D10	13226.0	0	0	0	0	0	0	0	0	0	0	0	0	0	0	0	0	0	0	0	0	0	0	0	0	0	0	0	0	0
76365	SEM_P05	9409.0	0	0	0	0	0	0	0	0	0	0	0	0	0	0	0	0	0	0	0	0	0	0	0	0	0	0	0	0	0
76308	SEM_A08	11697.0	0	0	0	0	0	0	0	0	0	0	0	0	0	0	0	0	0	0	0	0	0	0	0	0	0	0	0	0	0
76233	RAF_A07	10703.0	0	0	0	0	0	0	0	0	312.0	0	0	0	0	0	0	0	0	0	0	0	0	0	0	0	0	0	0	0	0
76263	RAF_M08	10654.0	0	0	0	0	0	0	0	0	0	0	0	0	0	0	0	0	0	0	0	0	0	0	0	0	0	0	0	0	0
76348	SEM_O03	21238.0	0	0	0	0	0	0	0	0	0	0	0	0	0	0	0	0	0	0	0	0	0	0	0	0	0	0	0	0	0
76176	PJO_D10	24505.0	0	0	0	0	0	0	0	0	0	0	520.0	0	0	0	0	0	0	0	0	0	0	0	0	0	0	0	0	0	0
76409	SIS_M05	20275.0	0	0	0	0	0	0	0	0	0	0	0	0	0	0	0	0	0	0	0	0	0	0	0	0	0	0	0	0	0
76241	RAF_D01	12927.0	0	0	0	0	0	0	0	0	0	0	0	0	0	0	0	0	0	0	0	0	0	0	0	0	0	0	0	0	0
76395	SIS_D06	13505.0	0	0	0	0	0	0	0	0	0	0	0	0	0	0	0	0	0	0	0	0	0	0	0	0	0	0	0	0	0
76406	SIS_M02	17127.0	0	0	0	0	0	0	0	0	0	0	0	0	0	0	0	0	0	0	0	0	0	0	0	0	0	0	0	0	0
76264	RAF_M09	14252.0	0	0	0	0	0	0	0	0	0	0	0	0	0	0	0	0	0	0	0	0	0	0	0	0	0	0	0	0	0
76023	KUS_D06	10719.0	0	0	0	0	0	0	0	0	0	0	0	0	0	0	0	0	0	0	0	0	0	0	0	0	0	0	0	0	0
76422	SIS_O03	11444.0	0	0	0	0	0	0	0	0	0	0	0	0	0	0	0	0	0	0	0	0	0	0	0	0	0	0	0	0	0
76268	RAF_M13	6879.0	0	0	0	0	0	0	0	0	0	0	0	0	0	0	0	0	0	0	0	0	0	0	0	0	0	0	0	0	0
76014	KUS_A12	16679.0	0	0	0	0	0	0	0	0	0	0	0	487.0	0	0	0	0	0	0	0	0	0	0	0	0	0	0	0	0	0
76246	RAF_D06	21685.0	0	0	0	0	0	0	0	0	0	0	0	0	0	0	0	0	0	0	0	0	0	0	0	0	0	0	0	0	0
76115	PHA_M08	12449.0	0	0	0	0	0	0	0	428.0	0	0	0	0	0	0	0	0	0	0	0	0	0	0	0	0	0	0	0	0	0
76250	RAF_D10	14047.0	0	0	0	0	0	0	0	0	0	0	0	0	0	0	0	0	0	0	0	0	0	0	0	0	0	0	0	0	0
76122	PHA_M15	14288.0	0	0	0	0	0	0	655.0	0	0	0	0	0	0	0	0	0	0	0	0	0	0	0	0	0	0	0	0	0	0
76301	SEM_A01	14762.0	0	0	0	0	0	0	0	0	0	0	0	0	0	0	0	0	0	0	0	0	0	0	0	0	0	0	0	0	0
76243	RAF_D03	20179.0	0	0	0	0	0	0	0	0	0	0	0	0	0	0	0	0	0	0	0	0	0	0	0	0	0	0	0	0	0
76254	RAF_D14	13649.0	0	0	0	0	0	0	0	0	0	0	0	0	0	0	0	0	0	0	0	0	0	0	0	0	0	0	0	0	0
76125	PHA_O03	15757.0	0	0	0	0	0	0	0	470.0	0	0	0	0	0	0	0	0	0	0	0	0	0	0	0	0	0	0	0	0	0
76019	KUS_D02	6809.0	0	0	0	0	0	0	0	0	0	0	0	0	0	0	0	0	0	0	0	0	0	0	0	0	0	0	0	0	0
76332	SEM_M02	7067.0	0	0	0	0	0	0	0	0	0	0	0	0	0	0	0	0	0	345.0	0	0	0	0	0	0	0	0	0	0	0
76386	SIS_A12	13738.0	0	0	0	0	0	0	0	0	0	0	0	354.0	0	0	0	0	0	0	0	0	0	0	0	0	0	0	0	0	0
76304	SEM_A04	10893.0	0	0	0	0	0	0	0	0	0	0	0	0	0	0	0	0	0	0	0	0	0	0	0	0	0	0	0	0	0
76094	PHA_D02	21276.0	0	0	0	0	0	0	0	0	0	0	0	0	0	483.0	0	0	0	0	0	0	0	0	0	0	0	0	0	0	0
76340	SEM_M10	10794.0	0	0	0	0	0	0	0	0	480.0	0	0	0	0	0	0	0	0	0	0	0	0	0	0	0	0	0	0	0	0
76210	PJO_O14	17806.0	0	0	0	0	0	0	0	0	0	0	0	0	0	0	308.0	0	0	0	0	0	0	0	0	0	0	0	0	0	0
76302	SEM_A02	13928.0	0	0	0	0	0	0	0	0	0	0	0	0	0	0	0	0	0	0	0	0	0	0	0	0	0	0	0	0	0
76162	PJO_A11	15979.0	0	0	0	0	0	0	0	0	327.0	0	0	0	0	0	0	0	0	0	0	0	0	0	0	0	0	0	0	0	0
76251	RAF_D11	9286.0	0	0	0	0	0	0	0	0	0	0	0	0	0	0	0	0	0	0	0	0	0	0	0	0	0	0	0	0	0
76098	PHA_D06	11401.0	0	0	0	0	0	0	0	0	0	0	0	0	0	0	0	0	0	0	208.0	0	0	0	0	0	0	0	0	0	0
76186	PJO_M05	16080.0	0	0	0	0	0	0	559.0	0	0	0	0	0	0	0	0	0	0	0	0	0	0	0	0	0	0	0	0	0	0
76322	SEM_D07	24084.0	0	0	0	0	0	0	0	0	0	0	0	0	0	0	0	0	0	0	0	0	0	0	0	0	0	0	0	0	0
76339	SEM_M09	10041.0	0	0	0	0	0	0	0	0	0	0	0	0	0	0	0	0	0	555.0	0	0	0	0	0	0	0	0	0	0	0
76309	SEM_A09	22208.0	0	0	0	0	0	0	0	0	351.0	0	0	0	0	0	0	0	0	0	0	0	0	0	0	0	0	0	0	0	0
76266	RAF_M11	5719.0	0	0	0	0	0	0	0	0	0	0	0	0	0	0	0	0	0	0	0	0	0	0	0	0	0	0	0	0	0
76121	PHA_M14	14615.0	0	0	0	0	0	0	0	348.0	0	0	0	0	0	0	0	0	0	0	0	0	0	0	0	0	0	0	0	0	0
76439	SIS_P05	16467.0	0	0	0	0	0	0	514.0	0	0	0	0	0	0	0	0	0	0	0	0	0	0	0	0	0	0	0	0	0	0
76315	SEM_A15	10630.0	0	0	0	0	0	0	0	0	0	0	0	0	0	0	0	0	0	354.0	0	0	0	0	0	0	0	0	0	0	0
76177	PJO_D11	16915.0	0	0	0	0	0	0	0	0	403.0	0	0	0	0	0	0	0	0	0	0	0	0	0	0	0	0	0	0	0	0
76175	PJO_D09	13017.0	0	0	0	0	0	0	0	0	325.0	0	0	0	0	0	0	0	0	0	0	0	0	0	0	0	0	0	0	0	0
76311	SEM_A11	24347.0	0	0	0	0	0	0	0	0	0	0	0	0	0	0	0	0	0	0	0	0	0	0	0	0	0	0	0	0	0
76253	RAF_D13	4536.0	0	0	0	0	0	0	0	0	0	0	0	0	0	0	0	0	0	0	0	0	0	0	0	0	0	0	0	0	0
76306	SEM_A06	19996.0	0	0	0	0	0	0	0	0	0	0	0	0	0	0	0	0	0	0	0	0	0	0	0	0	0	0	0	0	0
76383	SIS_A09	39841.0	0	0	0	0	0	0	1388.0	0	0	0	0	0	0	0	0	0	0	0	0	0	0	0	0	0	0	0	0	0	0
76230	RAF_A04	12102.0	0	0	0	0	0	0	0	420.0	0	0	0	0	0	0	0	0	0	0	0	0	0	0	0	0	0	0	0	0	0
76376	SIS_A01	11858.0	0	0	0	0	0	0	0	0	0	0	0	366.0	0	0	0	0	0	0	0	0	0	0	0	0	0	0	0	0	0
76354	SEM_O09	1157.0	0	0	0	0	0	0	0	0	0	0	0	0	0	0	0	0	0	0	0	0	0	0	0	0	0	0	0	0	0
76160	PJO_A09	15679.0	0	0	0	0	0	0	0	0	0	0	0	379.0	0	0	0	0	0	0	0	0	0	0	0	0	0	0	0	0	0
76274	RAF_O04	6839.0	0	0	0	0	0	0	0	0	0	0	0	0	0	0	0	0	0	0	0	0	0	0	0	0	0	0	0	0	0
76093	PHA_D01	9239.0	0	0	0	0	0	0	0	0	0	0	0	0	0	0	0	0	0	0	0	0	0	0	0	0	0	0	0	0	0
76252	RAF_D12	20833.0	0	0	0	0	0	0	0	0	0	0	0	0	0	0	0	0	0	0	157.0	16.0	0	0	0	0	0	0	0	0	0
76096	PHA_D04	22784.0	0	0	0	0	0	1476.0	0	0	0	0	376.0	0	0	0	0	0	0	0	0	0	0	0	0	0	0	0	0	0	0
76163	PJO_A12	12301.0	0	0	0	0	0	0	0	0	316.0	0	0	0	0	0	0	0	0	0	0	0	0	0	0	0	0	0	0	0	0
76109	PHA_M02	8918.0	0	0	0	0	0	0	0	231.0	0	0	0	0	0	0	0	0	0	0	0	0	0	0	0	0	0	0	0	0	0
76107	PHA_D15	19524.0	0	0	0	0	0	0	667.0	0	0	0	0	0	0	0	0	0	0	0	0	0	0	0	0	0	0	0	0	0	0
76169	PJO_D03	11360.0	0	0	0	0	0	0	0	0	0	0	292.0	0	0	0	0	0	0	0	0	0	0	0	0	0	0	0	0	0	0
76209	PJO_O13	18205.0	0	0	0	0	0	0	0	0	0	0	0	0	0	0	516.0	0	0	0	0	0	0	0	0	0	0	0	0	0	0
76245	RAF_D05	8167.0	0	0	0	0	0	0	0	0	0	0	0	0	0	0	0	0	0	0	0	0	0	0	0	0	0	0	0	0	0
76389	SIS_A15	20307.0	0	0	0	0	0	0	886.0	0	0	0	0	0	0	0	0	0	0	0	0	0	0	0	0	0	0	0	0	0	0
76108	PHA_M01	6750.0	0	0	0	0	0	0	0	216.0	0	0	0	0	0	0	0	0	0	0	0	0	0	0	0	0	0	0	0	0	0
76080	PHA_A03	7830.0	0	0	0	0	0	0	0	0	0	0	0	0	0	0	0	0	0	0	0	0	0	0	0	0	0	0	0	0	0
76190	PJO_M09	18478.0	0	0	0	0	0	0	565.0	0	0	0	0	0	0	0	0	0	0	0	0	0	0	0	0	0	0	0	0	0	0
76387	SIS_A13	19921.0	0	0	0	0	0	0	681.0	0	0	0	0	0	0	0	0	0	0	0	0	0	0	0	0	0	0	0	0	0	0
76228	RAF_A02	13510.0	0	0	0	0	0	0	0	0	0	0	439.0	0	0	0	0	0	0	0	0	0	0	0	0	0	0	0	0	0	0
76132	PHA_O10	11321.0	0	0	0	0	0	0	0	0	0	0	0	0	0	0	0	0	0	0	0	0	437.0	0	0	0	0	0	0	0	0
76349	SEM_O04	15723.0	0	0	0	0	0	0	0	0	0	0	0	0	0	0	1995.0	0	0	0	0	0	0	0	0	0	0	0	0	0	0
76248	RAF_D08	5004.0	0	0	0	0	0	0	0	0	0	0	0	0	0	0	0	0	0	0	0	0	0	0	0	0	0	0	0	0	0
76338	SEM_M08	7256.0	0	0	0	0	0	0	659.0	0	0	0	0	0	0	0	0	0	0	0	0	0	0	0	0	0	0	0	0	0	0
76119	PHA_M12	16593.0	0	0	0	0	0	0	1095.0	0	0	0	0	0	0	0	0	0	0	0	0	0	0	0	0	0	0	0	0	0	0
76117	PHA_M10	8219.0	0	0	0	0	0	0	0	330.0	0	0	0	0	0	0	0	0	0	0	0	0	0	0	0	0	0	0	0	0	0
76102	PHA_D10	9818.0	0	0	0	0	0	0	0	481.0	0	0	0	0	0	0	0	0	0	0	0	0	0	0	0	0	0	0	0	0	0
76168	PJO_D02	8731.0	0	0	0	0	0	0	0	0	249.0	0	0	0	0	0	0	0	0	0	0	0	0	0	0	0	0	0	0	0	0
76127	PHA_O05	14598.0	0	0	0	0	0	0	0	0	0	0	0	0	0	513.0	0	0	0	0	0	0	0	0	0	0	0	0	0	0	0
76004	KUS_A02	14870.0	0	0	0	0	0	0	594.0	0	0	0	0	0	0	0	0	0	0	0	0	0	0	0	0	0	0	0	0	0	0
76227	RAF_A01	7781.0	0	0	0	0	0	0	0	440.0	0	0	0	0	0	0	0	0	0	0	0	0	0	0	0	0	0	0	0	0	0
76191	PJO_M10	12573.0	0	0	0	0	0	0	0	0	385.0	0	0	0	0	0	0	0	0	0	0	0	0	0	0	0	0	0	0	0	0
76161	PJO_A10	9110.0	0	0	0	0	0	0	0	0	0	0	0	0	0	0	0	0	0	207.0	0	0	0	0	0	0	0	0	0	0	0
76279	RAF_O09	13340.0	0	0	0	0	0	0	0	0	0	1474.0	0	0	0	0	0	0	0	0	0	0	0	0	0	0	0	0	0	0	0
76258	RAF_M03	25802.0	0	0	0	0	0	0	0	0	0	0	0	0	0	0	0	2127.0	0	0	0	0	0	0	0	0	0	0	0	0	0
76153	PJO_A01	9993.0	0	0	0	0	0	0	0	358.0	0	0	0	0	0	0	0	0	0	0	0	0	0	0	0	0	0	0	0	0	0
76105	PHA_D13	15778.0	0	0	0	0	0	0	823.0	0	0	0	0	0	0	0	0	0	0	0	0	0	0	0	0	0	0	0	0	0	0
76003	KUS_A01	15424.0	0	0	0	0	0	0	0	0	0	0	0	0	0	0	0	0	0	0	0	0	0	0	0	1143.0	0	0	0	0	0
76139	PHA_P02	9839.0	0	0	0	0	0	0	0	0	0	0	0	0	0	0	0	0	213.0	0	0	0	0	0	0	0	0	0	0	0	0
76234	RAF_A08	10899.0	0	0	0	0	0	0	0	387.0	0	0	0	0	0	0	0	0	0	0	0	0	0	0	0	0	0	0	0	0	0
76331	SEM_M01	8163.0	0	0	0	0	0	0	0	0	322.0	0	0	0	0	0	0	0	0	0	0	0	0	0	0	0	0	0	0	0	0
76083	PHA_A06	10173.0	0	0	0	0	0	0	0	0	0	0	0	0	0	0	0	0	0	0	0	0	270.0	0	0	0	0	0	0	0	0
76249	RAF_D09	13342.0	0	0	0	0	0	0	0	0	0	0	0	0	0	0	0	0	0	0	0	0	0	0	0	0	0	0	0	0	0
76240	RAF_A15	10866.0	0	0	0	0	0	0	0	528.0	0	0	0	0	0	0	0	0	0	0	0	0	0	0	0	0	0	0	0	0	0
76009	KUS_A07	10578.0	0	0	0	0	0	0	0	0	543.0	0	0	0	0	0	0	0	0	0	0	0	0	0	0	0	0	0	0	0	0
76238	RAF_A12	14502.0	0	0	0	0	0	0	0	768.0	0	0	0	0	0	0	0	0	0	0	0	0	0	0	0	0	0	0	0	0	0
76124	PHA_O02	10765.0	0	0	0	0	0	0	0	779.0	0	0	0	0	0	0	0	0	0	0	0	0	0	0	0	0	0	0	0	0	0
76086	PHA_A09	10313.0	0	0	0	0	0	0	0	403.0	0	0	0	0	0	0	0	0	0	0	0	0	0	0	0	0	0	0	0	0	0
76244	RAF_D04	6858.0	0	0	0	0	0	0	0	0	0	0	0	0	177.0	0	0	0	0	0	0	0	0	0	0	0	0	0	0	0	0
76314	SEM_A14	11021.0	0	0	0	0	0	0	0	0	0	0	0	0	0	0	0	0	0	0	0	0	0	0	0	0	0	0	0	0	0
76159	PJO_A08	7879.0	0	0	0	0	0	0	0	0	365.0	0	0	0	0	0	0	0	0	0	0	0	0	0	0	0	0	0	0	0	0
76180	PJO_D14	11975.0	0	0	0	0	0	0	0	0	657.0	0	0	0	0	0	0	0	0	0	0	0	0	0	0	0	0	0	0	0	0
76185	PJO_M04	17886.0	0	0	0	0	0	0	720.0	0	0	0	0	0	0	0	0	0	0	0	0	0	0	0	0	0	0	0	0	0	0
76008	KUS_A06	28270.0	0	0	0	0	0	0	1762.0	0	0	0	0	0	0	0	0	0	0	0	0	0	0	0	0	0	0	0	0	0	0
76172	PJO_D06	13034.0	0	0	0	0	0	0	0	0	0	0	0	535.0	0	0	0	0	0	0	0	0	0	0	0	0	0	0	0	0	0
76081	PHA_A04	11097.0	0	0	0	0	0	0	0	363.0	0	0	0	0	0	0	0	0	0	0	0	0	0	0	0	0	0	0	0	0	0
76257	RAF_M02	6425.0	0	0	0	0	0	0	0	0	0	0	0	0	514.0	0	0	0	0	0	0	0	0	0	0	0	0	0	0	0	0
76007	KUS_A05	6735.0	0	0	0	0	0	0	0	0	0	0	256.0	0	0	0	0	0	0	0	0	0	0	0	0	0	0	0	0	0	0
76402	SIS_D13	16850.0	0	0	0	0	0	0	636.0	0	0	0	0	0	0	0	0	0	0	0	0	0	0	0	0	0	0	0	0	0	0
76335	SEM_M05	6684.0	0	0	0	0	0	0	0	0	624.0	0	0	0	0	0	0	0	0	0	0	0	0	0	0	0	0	0	0	0	0
76011	KUS_A09	22298.0	0	0	0	0	0	0	0	0	0	0	0	0	1918.0	0	0	0	0	0	0	0	0	0	0	0	0	0	0	0	0
76307	SEM_A07	14146.0	0	0	0	0	0	0	0	0	0	0	0	0	0	0	0	0	0	0	0	0	0	0	0	0	0	0	0	0	0
76091	PHA_A14	12293.0	0	0	0	0	0	0	0	0	0	0	0	0	0	518.0	0	0	0	0	0	0	0	0	0	0	0	0	0	0	0
76092	PHA_A15	11591.0	0	0	0	0	0	0	0	0	0	0	0	0	0	509.0	0	0	0	0	0	0	0	0	0	0	0	0	0	0	0
76087	PHA_A10	18239.0	0	0	0	0	0	0	0	0	0	0	0	0	0	0	0	0	555.0	0	0	0	0	0	0	0	0	0	0	0	0
76085	PHA_A08	10067.0	0	0	0	0	0	0	0	0	0	0	0	0	0	370.0	0	0	0	0	0	0	0	0	0	0	0	0	0	0	0
76173	PJO_D07	8142.0	0	0	0	0	0	0	0	0	0	0	0	497.0	0	0	0	0	0	0	0	0	0	0	0	0	0	0	0	0	0
76116	PHA_M09	13745.0	0	0	0	0	0	0	0	1091.0	0	0	0	0	0	0	0	0	0	0	0	0	0	0	0	0	0	0	0	0	0
76334	SEM_M04	3585.0	0	0	0	0	0	0	0	0	340.0	0	0	0	0	0	0	0	0	0	0	0	0	0	0	0	0	0	0	0	0
76097	PHA_D05	11883.0	0	0	0	0	0	0	535.0	0	0	0	0	0	0	0	0	0	0	0	0	0	0	0	0	0	0	0	0	0	0
76341	SEM_M11	5057.0	0	0	0	0	0	0	0	0	654.0	0	0	0	0	0	0	0	0	0	0	0	0	0	0	0	0	0	0	0	0
76084	PHA_A07	10584.0	0	0	0	0	0	0	0	0	0	0	0	0	0	457.0	0	0	0	0	0	0	0	0	0	0	0	0	0	0	0
76236	RAF_A10	6618.0	0	0	0	0	0	0	495.0	0	0	0	0	0	0	0	0	0	0	0	0	0	0	0	0	0	0	0	0	0	0
76079	PHA_A02	11524.0	0	0	0	0	0	0	0	0	0	0	0	0	0	0	0	664.0	0	0	0	0	0	0	0	0	0	0	0	0	0
76289	RAF_P04	18185.0	0	0	0	0	0	0	0	0	0	0	0	0	0	0	1358.0	0	0	0	0	0	0	0	0	0	0	0	0	0	0
76167	PJO_D01	7490.0	0	0	0	0	0	0	0	0	0	0	0	333.0	0	0	0	0	0	0	0	0	0	0	0	0	0	0	0	0	0
76082	PHA_A05	6799.0	0	0	0	0	0	0	0	394.0	0	0	0	0	0	0	0	0	0	0	0	0	0	0	0	0	0	0	0	0	0
76262	RAF_M07	11411.0	0	0	0	0	0	0	0	0	0	0	0	0	0	0	0	1119.0	0	0	0	0	0	0	0	0	0	0	0	0	0
76010	KUS_A08	12212.0	0	0	0	0	0	0	0	0	815.0	0	0	0	0	0	0	0	0	0	0	0	0	0	0	0	0	0	0	0	0
76327	SEM_D12	4906.0	0	0	0	0	0	0	0	0	0	0	0	0	522.0	0	0	0	0	0	0	0	0	0	0	0	0	0	0	0	0
76101	PHA_D09	11323.0	0	0	0	0	0	0	0	0	0	0	0	0	850.0	0	0	0	0	0	0	0	0	0	0	0	0	0	0	0	0
76106	PHA_D14	14886.0	0	0	0	0	0	0	0	1155.0	0	0	0	0	0	0	0	0	0	0	0	0	0	0	0	0	0	0	0	0	0
76012	KUS_A10	15463.0	0	0	0	0	0	0	1184.0	0	0	0	0	0	0	0	0	0	0	0	0	0	0	0	0	0	0	0	0	0	0
76157	PJO_A06	7659.0	0	0	0	0	0	0	658.0	0	0	0	0	0	0	0	0	0	0	0	0	0	0	0	0	0	0	0	0	0	0
76337	SEM_M07	3672.0	0	0	0	0	0	0	0	372.0	0	0	0	0	0	0	0	0	0	0	0	0	0	0	0	0	0	0	0	0	0
76432	SIS_O13	14687.0	0	0	0	0	0	0	981.0	0	0	0	0	0	0	0	0	0	0	0	0	0	0	0	0	0	0	0	0	0	0
76170	PJO_D04	17374.0	0	0	0	0	0	0	1102.0	0	0	0	0	0	0	0	0	0	0	0	0	0	0	0	0	0	0	0	0	0	0
76184	PJO_M03	13079.0	0	0	0	0	0	0	982.0	0	0	0	0	0	0	0	0	0	0	0	0	0	0	0	0	0	0	0	0	0	0
76183	PJO_M02	7536.0	0	0	0	0	0	0	0	0	440.0	0	0	0	0	0	0	0	0	0	0	0	0	0	0	0	0	0	0	0	0
76166	PJO_A15	9779.0	0	0	0	0	0	0	645.0	0	0	0	0	0	0	0	0	0	0	0	0	0	0	0	0	0	0	0	0	0	0
76100	PHA_D08	14015.0	0	0	0	0	0	0	0	1073.0	0	0	0	0	0	0	0	0	0	0	0	92.0	0	0	0	0	0	0	0	0	0
76229	RAF_A03	8369.0	0	0	0	0	0	0	0	489.0	0	0	0	0	0	0	0	0	0	0	0	0	0	0	0	0	0	0	0	0	0
76275	RAF_O05	9591.0	0	0	0	0	0	0	0	0	0	0	0	0	0	0	0	1650.0	0	0	0	0	0	0	0	0	0	0	0	0	0
76006	KUS_A04	10540.0	0	0	0	0	0	0	1412.0	0	0	0	0	0	0	0	0	0	0	0	0	0	0	0	0	0	0	0	0	0	0
76174	PJO_D08	8748.0	0	0	0	0	0	0	1054.0	0	0	0	0	0	0	0	0	0	0	0	0	0	0	0	0	0	0	0	0	0	0
76199	PJO_O03	14718.0	0	0	0	0	0	0	0	2521.0	0	0	0	0	0	0	0	0	0	0	0	0	0	0	0	0	0	0	0	0	0
76345	SEM_M15	9562.0	0	0	0	0	0	0	0	0	0	0	0	0	0	0	0	0	0	1706.0	0	0	0	0	0	0	0	0	0	0	0
76342	SEM_M12	2921.0	0	0	0	0	0	0	0	0	0	0	0	0	0	0	0	0	0	533.0	0	0	0	0	0	0	0	0	0	0	0
76118	PHA_M11	11152.0	0	0	0	0	0	0	0	0	0	0	0	0	0	0	0	1836.0	0	0	0	0	0	0	0	0	0	0	0	0	0
76017	KUS_A15	11567.0	0	0	0	0	0	0	0	1490.0	0	0	0	0	0	0	0	0	0	0	0	0	0	0	0	0	0	0	0	0	0
76130	PHA_O08	13340.0	0	0	0	0	0	0	0	2614.0	0	0	0	0	0	0	0	0	0	0	0	0	0	0	0	0	0	0	0	0	0
76078	PHA_A01	8555.0	0	0	0	0	0	1365.0	0	0	0	0	0	0	0	0	0	0	250.0	0	0	0	0	0	0	0	0	0	0	0	0
76013	KUS_A11	18102.0	0	0	0	0	0	0	3862.0	0	0	0	0	0	0	0	0	0	0	0	0	0	0	0	0	0	0	0	0	0	0
76114	PHA_M07	17370.0	0	0	0	0	0	0	3978.0	0	0	0	0	0	0	0	0	0	0	0	0	0	0	0	0	0	0	0	0	0	0
76343	SEM_M13	5137.0	0	0	0	0	0	0	0	0	1133.0	0	0	0	0	0	0	0	0	0	0	0	0	0	0	0	0	0	0	0	0
76126	PHA_O04	9624.0	0	0	0	0	0	0	0	2387.0	0	0	0	0	0	0	0	0	0	0	0	0	0	0	0	0	0	0	0	0	0
76155	PJO_A04	2040.0	0	0	0	0	0	0	0	560.0	0	0	0	0	0	0	0	0	0	0	0	0	0	0	0	0	0	0	0	0	0
76095	PHA_D03	7552.0	0	0	0	0	0	0	0	0	0	0	0	0	0	0	0	0	0	0	0	228.0	0	0	0	0	0	1097.0	0	0	0
76352	SEM_O07	14899.0	0	0	0	0	0	0	0	0	0	0	6024.0	0	0	0	0	0	0	0	0	0	0	0	0	0	0	0	0	0	0
76077	KUS_P15	5315.0	0	0	0	0	0	0	0	0	0	0	0	0	1750.0	0	0	0	0	0	0	0	0	0	0	0	0	0	0	0	0
76271	RAF_O01	6706.0	0	0	0	0	0	0	0	0	0	2667.0	0	0	0	0	0	0	0	0	0	0	0	0	0	0	0	0	0	0	0
76211	PJO_O15	7847.0	0	0	0	0	0	0	0	0	0	0	0	0	0	0	3319.0	0	0	0	0	0	0	0	0	0	0	0	0	0	0
76051	KUS_O04	7522.0	0	0	0	0	0	0	0	0	0	0	0	0	0	0	2915.0	0	0	0	0	0	0	0	0	0	0	0	0	0	0
76237	RAF_A11	3923.0	0	0	0	0	0	0	1649.0	0	0	0	0	0	0	0	0	0	0	0	0	0	0	0	0	0	0	0	0	0	0
76259	RAF_M04	15435.0	0	0	0	0	0	0	0	0	0	6646.0	0	0	0	0	0	0	0	0	0	0	0	0	0	0	0	0	0	0	0
76273	RAF_O03	14581.0	0	0	0	0	0	0	0	0	0	8363.0	0	0	0	0	0	0	0	0	0	0	0	0	0	0	0	0	0	0	0
76272	RAF_O02	4984.0	0	0	0	0	0	0	0	0	0	3144.0	0	0	0	0	0	0	0	0	0	0	0	0	0	0	0	0	0	0	0
76265	RAF_M10	7060.0	0	0	0	0	0	0	3897.0	0	0	0	0	0	0	0	0	0	0	0	0	0	0	0	0	0	0	0	0	0	0
76281	RAF_O11	12484.0	0	0	0	0	0	0	0	0	0	8661.0	0	0	0	0	0	0	0	0	0	0	0	0	0	0	0	0	0	0	0
76282	RAF_O12	12053.0	0	0	0	0	0	0	0	0	0	9277.0	0	0	0	0	0	0	0	0	0	0	0	0	0	0	0	0	0	0	0
76270	RAF_M15	6171.0	0	0	0	0	0	0	0	0	0	4017.0	0	0	0	0	0	0	0	0	0	0	0	0	0	0	0	0	0	0	0
76284	RAF_O14	16436.0	0	0	0	0	0	0	12970.0	0	0	0	0	0	0	0	0	0	0	0	0	0	0	0	0	0	0	0	0	0	0
76189	PJO_M08	11300.0	0	0	0	0	0	0	8961.0	0	0	0	0	0	0	0	0	0	0	0	0	0	0	0	0	0	0	0	0	0	0
76137	PHA_O15	9203.0	0	0	0	0	0	0	0	0	0	8216.0	0	0	0	0	0	0	0	0	0	0	0	0	0	0	0	0	0	0	0
76384	SIS_A10	8106.0	0	0	0	0	0	0	7855.0	0	0	0	0	0	0	0	0	0	0	0	0	0	0	0	0	0	0	0	0	0	0
76357	SEM_O12	0	11557.0	0	0	0	0	0	0	0	0	0	0	0	0	0	0	0	0	0	0	0	0	0	0	0	0	0	0	0	0
76373	SEM_P13	0	12574.0	0	0	0	0	0	0	0	0	0	0	0	0	0	0	0	0	0	0	0	0	0	0	0	0	0	0	0	0
76372	SEM_P12	0	13893.0	0	0	0	0	0	0	0	0	0	0	0	0	0	0	0	0	0	0	0	0	0	0	0	0	0	0	0	0
76370	SEM_P10	0	10092.0	0	0	0	0	0	0	0	0	0	0	0	0	0	0	0	0	0	0	0	0	0	0	0	0	0	0	0	0
76355	SEM_O10	0	4542.0	0	0	0	0	0	0	0	0	0	0	0	0	0	0	0	0	0	0	0	0	0	0	0	0	0	0	0	0
76367	SEM_P07	0	2945.0	0	0	0	0	0	0	0	0	0	0	0	0	0	0	0	0	0	0	0	0	0	0	0	0	0	0	0	0
76218	PJO_P07	0	9236.0	0	0	0	0	0	0	0	0	0	0	0	0	0	0	0	0	0	203.0	0	0	0	0	0	0	0	0	0	0
76363	SEM_P03	0	16258.0	0	0	0	0	0	0	0	0	0	0	0	0	0	0	0	0	0	0	0	0	0	0	0	0	0	0	0	0
76364	SEM_P04	0	6647.0	0	0	0	0	0	0	0	0	0	0	0	0	0	0	0	0	0	0	0	0	0	0	0	0	0	0	0	0
76297	RAF_P12	0	5031.0	0	0	0	0	0	0	0	0	0	0	0	0	0	0	0	0	0	0	0	0	0	0	0	0	0	0	0	0
76369	SEM_P09	0	11901.0	0	0	0	0	0	0	0	0	0	0	0	0	0	0	0	0	0	0	0	0	0	0	0	0	0	0	0	0
76201	PJO_O05	0	22427.0	0	0	0	0	0	0	0	0	0	0	0	0	0	0	0	0	0	0	0	0	0	0	0	0	0	0	0	0
76057	KUS_O10	0	8220.0	0	0	0	0	0	0	0	0	0	0	0	0	0	0	0	0	0	0	0	0	0	0	0	0	0	0	0	0
76059	KUS_O12	0	18105.0	0	0	0	0	0	0	0	0	0	0	0	0	0	0	0	0	0	0	0	0	0	0	0	0	0	0	0	0
76217	PJO_P06	0	7062.0	0	0	0	0	0	0	0	0	0	0	0	0	0	0	0	0	0	0	0	0	0	0	0	0	0	0	0	0
76286	RAF_P01	0	6434.0	0	0	0	0	0	0	0	0	0	0	0	0	0	0	0	0	0	0	0	0	0	0	0	0	0	0	0	0
76193	PJO_M12	0	22804.0	0	0	0	0	0	0	0	0	0	0	0	0	0	0	0	0	0	0	0	0	0	0	0	0	0	0	0	310.0
76049	KUS_O02	0	14130.0	0	0	0	0	0	0	0	0	0	0	0	0	0	0	0	0	0	0	0	0	0	0	0	0	0	0	0	0
76219	PJO_P08	0	10967.0	0	0	0	0	0	0	0	0	0	0	0	0	0	0	0	0	0	0	0	0	431.0	0	0	0	0	0	0	0
76069	KUS_P07	0	12979.0	0	0	0	0	0	354.0	0	0	0	0	0	0	0	0	0	0	0	0	0	0	0	0	0	0	0	0	0	0
76336	SEM_M06	0	8511.0	0	0	0	0	0	0	0	0	0	0	0	0	0	0	0	0	0	0	0	0	0	0	0	0	0	0	0	0
76416	SIS_M12	0	13383.0	0	0	0	0	0	0	0	0	0	0	0	0	0	0	0	0	0	0	0	0	0	0	0	0	0	0	0	0
76053	KUS_O06	0	24789.0	0	0	0	0	0	0	0	0	0	0	0	0	0	242.0	0	0	0	0	0	0	0	0	0	0	0	0	0	0
76065	KUS_P03	0	9631.0	0	0	0	0	0	0	0	0	0	0	0	0	0	0	0	0	183.0	0	0	0	0	0	0	0	0	0	0	0
76295	RAF_P10	0	17544.0	0	0	0	0	0	0	0	0	0	0	0	0	0	0	0	0	0	0	0	0	0	0	0	0	0	0	0	0
76062	KUS_O15	0	18013.0	0	0	0	0	0	0	0	0	0	0	0	0	0	0	0	0	0	0	0	0	0	0	0	0	0	0	0	0
76213	PJO_P02	0	16057.0	0	0	0	0	0	0	0	334.0	0	0	0	0	0	0	0	0	0	0	0	0	0	0	0	0	0	0	0	0
76138	PHA_P01	0	16081.0	0	0	0	0	0	0	347.0	0	0	0	0	0	0	0	0	0	0	0	0	0	0	0	0	0	0	0	0	0
76299	RAF_P14	0	14402.0	0	0	0	0	0	0	0	0	0	0	0	0	0	0	0	0	0	0	0	0	0	0	0	0	0	0	0	0
76202	PJO_O06	0	26735.0	0	0	0	0	0	881.0	0	0	0	0	0	0	0	0	0	0	0	0	0	0	0	0	0	0	0	0	0	0
76220	PJO_P09	0	23911.0	0	0	0	0	0	0	0	264.0	0	0	0	0	0	0	0	0	0	0	0	0	0	0	0	0	0	0	0	0
76054	KUS_O07	0	8957.0	0	0	0	0	0	0	0	0	0	0	0	0	0	0	0	0	0	0	0	0	0	0	0	0	0	0	0	0
76435	SIS_P01	0	28018.0	0	0	0	0	0	421.0	0	0	0	0	0	0	0	0	0	0	0	0	0	0	0	0	0	0	0	0	0	0
76316	SEM_D01	0	3310.0	0	0	0	0	0	0	0	0	0	0	0	0	0	0	0	0	0	0	0	0	0	0	0	0	0	0	0	0
76222	PJO_P11	0	37510.0	0	0	0	0	0	0	0	488.0	0	0	0	0	0	0	0	0	0	0	0	0	0	0	0	0	0	0	0	0
76294	RAF_P09	0	25829.0	0	0	0	0	0	0	0	0	0	0	0	0	0	0	0	0	0	0	0	0	0	0	0	0	0	0	0	0
76212	PJO_P01	0	22891.0	0	0	0	0	0	0	0	353.0	0	0	0	0	0	0	0	0	0	0	0	0	0	0	0	0	0	0	0	0
76140	PHA_P03	0	22841.0	0	0	0	0	0	0	0	0	0	0	0	0	0	0	0	0	0	0	0	0	0	0	0	414.0	0	0	0	0
76221	PJO_P10	0	12704.0	0	0	0	0	0	0	0	0	0	0	0	0	0	0	0	0	0	0	0	0	238.0	0	0	0	0	0	0	0
76293	RAF_P08	0	14452.0	0	0	0	0	0	0	0	0	0	0	0	185.0	0	0	0	0	0	0	0	0	0	0	0	0	0	0	0	0
76292	RAF_P07	0	10641.0	0	0	0	0	0	0	0	0	0	0	0	0	0	0	0	0	0	0	0	0	0	0	0	0	0	0	0	0
76060	KUS_O13	0	18483.0	0	0	0	0	0	0	0	0	0	0	0	0	0	407.0	0	0	0	0	0	0	0	0	0	0	0	0	0	0
76300	RAF_P15	0	9369.0	0	0	0	0	0	0	0	0	0	0	0	0	0	0	0	0	0	0	0	0	0	0	0	0	0	0	0	0
76141	PHA_P04	0	14552.0	0	0	0	0	0	0	0	0	0	0	0	0	0	0	0	420.0	0	0	0	0	0	0	0	0	0	0	0	0
76224	PJO_P13	0	24190.0	0	0	0	0	0	0	0	375.0	0	0	0	0	0	0	0	0	0	0	0	0	0	0	0	0	0	0	0	0
76280	RAF_O10	0	8700.0	0	0	0	0	0	0	0	0	0	0	0	0	0	0	0	0	0	0	0	0	0	0	0	0	0	0	0	0
76056	KUS_O09	0	15067.0	0	0	0	0	0	0	263.0	0	0	0	0	0	0	0	0	0	0	0	0	0	0	0	0	0	0	0	0	0
76296	RAF_P11	0	8327.0	0	0	0	0	0	0	0	0	0	0	0	0	0	0	0	0	0	0	0	0	0	0	0	0	0	0	0	0
76288	RAF_P03	0	19702.0	0	0	0	0	0	0	0	0	0	0	0	0	0	0	0	0	0	0	0	0	0	0	0	0	0	0	0	0
76145	PHA_P08	0	12845.0	0	0	0	0	0	0	0	0	387.0	0	0	0	0	0	0	0	0	0	0	0	0	0	0	0	0	0	0	0
76050	KUS_O03	0	13451.0	0	0	0	0	0	0	0	0	0	0	0	0	0	0	0	0	0	0	0	0	0	0	0	0	0	0	0	0
76151	PHA_P14	0	15345.0	0	0	0	0	0	324.0	0	0	0	0	0	0	0	0	0	0	0	0	0	0	0	0	0	0	0	0	0	0
76134	PHA_O12	0	15840.0	0	0	0	0	0	0	0	0	0	0	0	0	0	0	0	415.0	0	0	0	0	0	0	0	0	0	0	0	0
76440	SIS_P06	0	16884.0	0	0	0	0	0	0	0	0	0	270.0	0	0	0	0	0	0	0	0	0	0	0	0	0	0	0	0	0	0
76073	KUS_P11	0	8841.0	0	0	0	0	0	0	451.0	0	0	0	0	0	0	0	0	0	0	0	0	0	0	0	0	0	0	0	0	0
76442	SIS_P08	0	26479.0	0	0	0	0	0	0	0	493.0	0	0	0	0	0	0	0	0	0	0	0	0	0	0	0	0	0	0	0	0
76074	KUS_P12	0	14893.0	0	0	0	0	0	753.0	0	0	0	0	0	0	0	0	0	0	0	0	0	0	0	0	0	0	0	0	0	0
76291	RAF_P06	0	10541.0	0	0	0	0	0	0	0	0	0	0	0	0	0	0	0	0	0	0	0	0	0	0	0	0	0	0	0	0
76438	SIS_P04	0	15204.0	0	0	0	0	0	0	0	0	0	408.0	0	0	0	0	0	0	0	0	0	0	0	0	0	0	0	0	0	0
76052	KUS_O05	0	13507.0	0	0	0	0	0	0	0	0	0	0	0	0	0	0	0	0	0	0	0	0	0	0	0	0	0	0	0	0
76225	PJO_P14	0	33568.0	0	0	0	0	0	0	602.0	0	0	0	0	0	0	0	0	0	0	0	0	0	0	0	0	0	0	0	0	0
76361	SEM_P01	0	9512.0	0	0	0	0	0	0	0	0	0	0	0	0	0	0	0	0	0	0	0	0	0	0	0	0	0	0	0	0
76071	KUS_P09	0	11390.0	0	0	0	0	0	614.0	0	0	0	0	0	0	0	0	0	0	0	0	0	0	0	0	0	0	0	0	0	0
76075	KUS_P13	0	28371.0	0	0	0	0	0	0	0	0	0	0	0	0	867.0	0	0	0	0	0	0	0	0	0	0	0	0	0	0	0
76226	PJO_P15	0	21930.0	0	0	0	0	0	0	515.0	0	0	0	0	0	0	0	0	0	0	0	0	0	0	0	0	0	0	0	0	0
76223	PJO_P12	0	13670.0	0	0	0	0	0	0	209.0	0	0	0	0	0	0	0	0	0	0	0	0	0	0	0	0	0	0	0	0	0
76142	PHA_P05	0	147991.0	0	0	0	0	0	0	0	0	0	0	0	0	0	0	3647.0	0	0	0	0	0	0	0	0	0	0	0	0	0
76068	KUS_P06	0	12552.0	0	0	0	0	0	0	515.0	0	0	0	0	0	0	0	0	0	0	0	0	0	0	0	0	0	0	0	0	0
76298	RAF_P13	0	9248.0	0	0	0	0	0	0	0	0	0	0	0	322.0	0	0	0	0	0	0	0	0	0	0	0	0	0	0	0	0
76443	SIS_P09	0	14487.0	0	0	0	0	0	0	0	0	0	0	227.0	0	0	0	0	0	0	0	0	0	0	0	0	0	0	0	0	0
76131	PHA_O09	0	12726.0	0	0	0	0	0	0	0	0	0	0	0	0	309.0	0	0	0	0	0	0	0	0	0	0	0	0	0	0	0
76143	PHA_P06	0	23963.0	0	0	0	0	0	0	0	0	0	0	0	0	0	0	0	614.0	0	0	0	0	0	0	0	0	0	0	0	0
76276	RAF_O06	0	24017.0	0	0	0	0	0	0	0	0	0	0	0	0	0	0	978.0	0	0	0	0	0	0	0	0	0	0	0	0	0
76215	PJO_P04	0	15172.0	0	0	0	0	0	389.0	0	0	0	0	0	0	0	0	0	0	0	0	0	0	0	0	0	0	0	0	0	0
76448	SIS_P14	0	12796.0	0	0	0	0	0	0	0	280.0	0	0	0	0	0	0	0	0	0	0	0	0	0	0	0	0	0	0	0	0
76449	SIS_P15	0	13741.0	0	0	0	0	0	0	0	416.0	0	0	0	0	0	0	0	0	0	0	0	0	0	0	0	0	0	0	0	0
76147	PHA_P10	0	11737.0	0	0	0	0	0	0	263.0	0	0	0	0	0	0	0	0	0	0	0	0	0	0	0	0	0	0	0	0	0
76150	PHA_P13	0	17854.0	0	0	0	0	0	0	0	0	0	0	0	0	0	0	0	322.0	0	0	0	0	0	0	0	0	0	0	0	0
76123	PHA_O01	0	11540.0	0	0	0	0	0	0	0	0	0	0	0	0	0	0	0	0	0	0	0	0	0	0	0	0	0	0	296.0	0
76133	PHA_O11	0	15318.0	0	0	0	0	0	0	0	0	0	0	0	0	373.0	0	0	0	0	0	0	0	0	0	0	0	0	0	0	0
76437	SIS_P03	0	24355.0	0	0	0	0	0	0	0	0	0	357.0	0	0	0	0	0	0	0	0	0	0	0	0	0	0	0	0	0	0
76061	KUS_O14	0	24131.0	0	0	0	0	0	0	0	0	0	0	0	392.0	0	0	0	0	0	0	0	0	0	0	0	0	0	0	0	0
76444	SIS_P10	0	41185.0	0	0	0	0	0	0	0	0	0	0	0	1348.0	0	0	0	0	0	0	0	0	0	0	0	0	0	0	0	0
76149	PHA_P12	0	12806.0	0	0	0	0	0	0	395.0	0	0	0	0	0	0	0	0	0	0	0	0	0	0	0	0	0	0	0	0	0
76447	SIS_P13	0	11129.0	0	0	0	0	0	0	0	0	0	303.0	0	0	0	0	0	0	0	0	0	0	0	0	0	0	0	0	0	0
76287	RAF_P02	0	7638.0	0	0	0	0	0	0	0	0	0	0	0	0	0	0	451.0	0	0	0	41.0	0	0	0	0	0	0	0	0	0
76067	KUS_P05	0	14833.0	0	0	0	0	0	584.0	0	0	0	0	0	0	0	0	0	0	0	0	0	0	0	0	0	0	0	0	0	0
76136	PHA_O14	0	10444.0	0	0	0	0	0	0	0	0	0	0	0	0	371.0	0	0	0	0	0	0	0	0	0	0	0	0	0	0	0
76445	SIS_P11	0	14320.0	0	0	0	0	0	0	0	372.0	0	0	0	0	0	0	0	0	0	0	0	0	0	0	0	0	0	0	0	0
76446	SIS_P12	0	13729.0	0	0	0	0	0	0	0	744.0	0	0	0	0	0	0	0	0	0	0	0	0	0	0	0	0	0	0	0	0
76066	KUS_P04	0	12893.0	0	0	0	0	0	0	407.0	0	0	0	0	0	0	0	0	0	0	0	0	0	0	0	0	0	0	0	0	0
76146	PHA_P09	0	13093.0	0	0	0	0	0	0	0	0	0	0	0	0	333.0	0	0	0	0	0	0	0	0	0	0	0	0	0	0	0
76216	PJO_P05	0	14398.0	0	0	0	0	0	0	0	955.0	0	0	0	0	0	0	0	0	0	0	0	0	0	0	0	0	0	0	0	0
76063	KUS_P01	0	14362.0	0	0	0	0	0	0	0	0	0	0	0	456.0	0	0	0	0	0	0	0	0	0	0	0	0	0	0	0	0
76436	SIS_P02	0	32291.0	0	0	0	0	0	0	0	732.0	0	0	0	0	0	0	0	0	0	0	0	0	0	0	0	0	0	0	0	0
76070	KUS_P08	0	16957.0	0	0	0	0	0	1681.0	0	0	0	0	0	0	0	0	0	0	0	0	0	0	0	0	0	0	0	0	0	0
76016	KUS_A14	0	20745.0	0	0	0	0	0	0	0	2024.0	0	0	0	0	0	0	0	0	0	0	0	0	0	0	0	0	0	0	0	0
76076	KUS_P14	0	44265.0	0	0	0	0	0	0	3653.0	0	0	0	0	0	0	0	0	0	0	0	0	0	0	0	0	0	0	0	0	0
76064	KUS_P02	0	14469.0	0	0	0	0	0	0	0	634.0	0	0	0	0	0	0	0	0	0	0	76.0	0	0	0	0	0	0	0	0	0
76441	SIS_P07	0	13319.0	0	0	0	0	0	637.0	0	0	0	0	0	0	0	0	0	0	0	0	0	0	0	0	0	0	0	0	0	0
76058	KUS_O11	0	12465.0	0	0	0	0	0	0	0	0	0	0	0	0	0	1409.0	0	0	0	0	0	0	0	0	0	0	0	0	0	0
76350	SEM_O05	0	10609.0	0	0	0	0	0	0	0	2465.0	0	0	0	0	0	0	0	0	0	0	0	0	0	0	0	0	0	0	0	0
76206	PJO_O10	0	16618.0	0	0	0	0	0	0	0	0	7465.0	0	0	0	0	0	0	0	0	0	0	0	0	0	0	0	0	0	0	0
76290	RAF_P05	0	21961.0	0	0	0	0	0	0	0	0	0	0	0	7070.0	0	0	0	0	0	0	0	0	0	0	0	0	0	0	0	0
76235	RAF_A09	382.0	0	0	0	0	0	0	33506.0	0	0	0	0	0	0	0	0	0	0	0	0	0	0	0	0	0	0	0	0	0	0
76378	SIS_A03	611.0	0	0	0	0	0	0	36808.0	0	0	0	0	0	0	0	0	0	0	0	0	0	0	0	0	0	0	0	0	0	0
76310	SEM_A10	783.0	0	0	0	0	0	0	21374.0	0	0	0	0	0	0	0	0	0	0	0	0	0	0	0	0	0	0	0	0	0	0
76410	SIS_M06	0	982.0	0	0	0	0	0	29207.0	0	0	0	0	0	0	0	0	0	0	0	0	0	0	0	0	0	0	0	0	0	0
76158	PJO_A07	689.0	0	0	0	0	0	0	22986.0	0	0	0	0	0	0	0	0	0	0	0	0	0	0	0	0	0	0	0	0	0	0
76088	PHA_A11	757.0	0	0	0	0	0	0	26902.0	0	0	0	0	0	0	0	0	0	0	0	0	0	0	0	0	0	0	0	0	0	0
76385	SIS_A11	1838.0	0	0	0	0	0	0	23834.0	0	0	0	0	0	0	0	0	0	0	0	0	0	0	0	0	0	0	0	0	0	0
76148	PHA_P11	0	535.0	0	0	0	0	0	17437.0	0	0	0	0	0	0	0	0	0	0	0	0	0	0	0	0	0	0	0	0	0	0
76344	SEM_M14	971.0	0	0	0	0	0	0	11302.0	0	0	0	0	0	0	0	0	0	0	0	0	0	0	0	0	0	0	0	0	0	0
76154	PJO_A02	1533.0	0	0	0	0	0	0	16328.0	0	0	0	0	0	0	0	0	0	0	0	0	0	0	0	0	0	0	0	0	0	0
76165	PJO_A14	2862.0	0	0	0	0	0	0	18694.0	0	0	0	0	0	0	0	0	0	0	0	0	0	0	0	0	0	0	0	0	0	0
76187	PJO_M06	0	0	0	0	3230.0	0	0	19695.0	0	0	0	0	0	0	0	0	0	0	0	0	0	0	0	0	0	0	0	0	0	0
76411	SIS_M07	4064.0	0	0	0	0	0	0	24317.0	0	0	0	0	0	0	0	0	0	0	0	0	0	0	0	0	0	0	0	0	0	0
76333	SEM_M03	0	2021.0	0	0	0	0	0	9520.0	0	0	0	0	0	0	0	0	0	0	0	0	0	0	0	0	0	0	0	0	0	0
76231	RAF_A05	5654.0	0	0	0	0	0	0	27633.0	0	0	0	0	0	0	0	0	0	0	0	0	0	0	0	0	0	0	0	0	0	0
76305	SEM_A05	3877.0	0	0	0	0	0	0	13350.0	0	0	0	0	0	0	0	0	0	0	0	0	0	0	0	0	0	0	0	0	0	0
76379	SIS_A04	2525.0	0	0	0	0	0	0	9311.0	0	0	0	0	0	0	0	0	0	0	0	0	0	0	0	0	0	0	0	0	0	0
76182	PJO_M01	7472.0	0	0	0	0	0	0	27072.0	0	0	0	0	0	0	0	0	0	0	0	0	0	0	0	0	0	0	0	0	0	0
76156	PJO_A05	6570.0	0	0	0	0	0	0	13109.0	0	0	0	0	0	0	0	0	0	0	0	0	0	0	0	0	0	0	0	0	0	0
76135	PHA_O13	0	6578.0	0	0	0	0	0	13391.0	0	0	0	0	0	0	0	0	0	0	0	0	0	0	0	0	0	0	0	0	0	0
76181	PJO_D15	781.0	0	0	0	0	0	0	0	25335.0	0	0	0	0	0	0	0	0	0	0	0	0	0	0	0	0	0	0	0	0	0
76214	PJO_P03	0	5927.0	0	0	0	0	0	0	26030.0	0	0	0	0	0	0	0	0	0	0	0	0	0	0	0	0	0	0	0	0	0
76188	PJO_M07	3600.0	0	0	0	0	0	0	0	0	4181.0	0	0	0	0	0	0	0	0	0	0	0	0	0	0	0	0	0	0	0	0
76418	SIS_M14	0	0	25943.0	0	0	0	0	0	0	0	0	0	0	0	0	0	0	0	0	0	0	0	0	0	0	0	0	0	0	0
76390	SIS_D01	0	0	34664.0	0	0	0	0	0	0	0	0	225.0	0	0	0	0	0	0	0	0	0	0	0	0	0	0	0	0	0	0
76408	SIS_M04	0	0	12980.0	0	0	0	0	0	0	0	0	0	0	0	0	0	0	0	0	0	0	0	0	0	0	0	0	0	0	0
76417	SIS_M13	0	0	20126.0	0	0	0	0	0	0	0	0	0	0	0	0	0	0	0	0	0	0	0	0	0	0	0	0	0	0	0
76396	SIS_D07	0	0	23774.0	0	0	0	0	0	0	0	0	0	0	0	0	0	0	0	0	0	0	0	0	0	0	0	0	0	0	0
76391	SIS_D02	0	0	15896.0	0	0	0	0	0	0	0	0	219.0	0	0	0	0	0	0	0	0	0	0	0	0	0	0	0	0	0	0
76425	SIS_O06	0	0	19089.0	0	0	0	0	0	0	0	0	0	0	0	0	0	0	0	0	0	0	0	0	0	0	0	0	0	0	0
76419	SIS_M15	0	0	11209.0	0	0	0	0	0	0	0	0	0	0	0	0	0	0	0	0	0	0	0	0	0	0	0	0	0	0	0
76401	SIS_D12	0	0	17889.0	0	0	0	0	257.0	0	0	0	0	0	0	0	0	0	0	0	0	0	0	0	0	0	0	0	0	0	0
76393	SIS_D04	0	0	19013.0	0	0	0	0	0	0	0	0	0	0	0	0	0	0	0	0	0	0	0	0	0	0	0	0	0	0	0
76428	SIS_O09	0	0	22339.0	0	0	0	0	0	0	0	0	0	0	0	0	0	0	0	0	0	0	0	0	0	0	0	0	0	0	0
76392	SIS_D03	0	0	16452.0	0	0	0	0	0	0	0	0	0	0	0	0	0	0	0	0	0	0	0	0	0	0	0	0	0	0	0
76405	SIS_M01	0	0	10304.0	0	0	0	0	0	0	0	0	0	0	0	0	0	0	0	0	0	0	0	0	0	0	0	0	0	0	0
76397	SIS_D08	0	0	22487.0	0	0	0	0	0	0	0	0	0	0	0	0	0	0	0	0	0	0	0	0	0	0	0	0	0	0	0
76431	SIS_O12	0	0	19414.0	0	0	0	0	0	0	0	0	218.0	0	0	0	0	0	0	0	0	0	0	0	0	0	0	0	0	0	0
76420	SIS_O01	0	0	5395.0	0	0	0	0	0	0	0	0	0	0	0	0	0	0	0	0	0	0	0	0	0	0	0	0	0	0	0
76399	SIS_D10	0	0	10299.0	0	0	0	0	0	0	0	0	0	0	0	0	0	0	0	0	0	0	0	0	0	0	0	0	0	0	0
76398	SIS_D09	0	0	19469.0	0	0	0	0	0	0	221.0	0	0	0	0	0	0	0	0	0	0	0	0	0	0	0	0	0	0	0	0
76429	SIS_O10	0	0	5815.0	0	0	0	0	0	0	0	0	0	0	0	0	0	0	0	0	0	0	0	0	0	0	0	0	0	0	0
76413	SIS_M09	0	0	18754.0	0	0	0	0	0	0	0	0	0	0	0	0	0	0	0	0	0	0	0	0	0	0	0	0	0	0	0
76423	SIS_O04	0	0	17715.0	0	0	0	0	0	0	204.0	0	0	0	0	0	0	0	0	0	0	0	0	0	0	0	0	0	0	0	0
76421	SIS_O02	0	0	7939.0	0	0	0	0	0	0	0	0	0	0	0	0	0	0	0	0	0	0	0	0	0	0	0	0	0	0	0
76400	SIS_D11	0	0	13746.0	0	0	0	0	0	0	0	0	272.0	0	0	0	0	0	0	0	0	0	0	0	0	0	0	0	0	0	0
76414	SIS_M10	0	0	9907.0	0	0	0	0	0	0	0	0	0	0	0	0	0	0	0	0	0	0	0	0	0	0	0	0	0	0	0
76433	SIS_O14	0	0	6816.0	0	0	0	0	0	0	0	0	0	0	0	0	0	0	0	0	0	0	0	0	0	0	0	0	0	0	0
76403	SIS_D14	0	0	14746.0	0	0	0	0	0	0	0	0	268.0	0	0	0	0	0	0	0	0	0	0	0	0	0	0	0	0	0	0
76424	SIS_O05	0	0	17899.0	0	0	0	0	0	0	0	0	213.0	0	0	0	0	0	0	0	0	0	0	0	0	0	0	0	0	0	0
76415	SIS_M11	0	0	11699.0	0	0	0	0	0	0	0	0	0	0	0	0	0	0	0	0	0	0	0	0	0	0	0	0	0	0	0
76427	SIS_O08	0	0	9950.0	0	0	0	0	0	0	0	0	241.0	0	0	0	0	0	0	0	0	0	0	0	0	0	0	0	0	0	0
76394	SIS_D05	0	0	12922.0	0	0	0	0	0	0	0	0	0	197.0	0	0	0	0	0	0	0	0	0	0	0	0	0	0	0	0	0
76404	SIS_D15	0	0	15163.0	0	0	0	0	0	0	0	0	0	0	0	0	0	0	0	0	309.0	0	0	0	0	0	0	0	0	0	0
76426	SIS_O07	0	0	7848.0	0	0	0	0	0	0	0	0	0	0	0	0	0	0	0	0	0	0	0	0	0	0	0	0	0	0	0
76430	SIS_O11	0	0	7532.0	0	0	0	0	0	0	0	0	0	0	0	0	0	0	0	0	0	0	0	0	0	0	0	0	0	0	0
76434	SIS_O15	0	0	10721.0	0	0	0	0	0	0	320.0	0	0	0	0	0	0	0	0	0	0	0	0	0	0	0	0	0	0	0	0
76412	SIS_M08	0	0	14408.0	0	0	0	0	516.0	0	0	0	0	0	0	0	0	0	0	0	0	0	0	0	0	0	0	0	0	0	0
76152	PHA_P15	1391.0	0	0	0	0	0	0	0	0	0	40989.0	0	0	0	0	0	0	0	0	0	0	0	0	0	0	0	0	0	0	0
76144	PHA_P07	1653.0	0	0	0	0	0	0	0	0	0	30920.0	0	0	0	0	0	0	0	0	0	0	0	0	0	0	0	0	0	0	0
76072	KUS_P10	2629.0	0	0	0	0	0	0	0	0	0	16659.0	0	0	0	0	0	0	0	0	0	0	0	0	0	0	0	0	0	0	0
76277	RAF_O07	5136.0	0	0	0	0	0	0	0	0	0	11646.0	0	0	0	0	0	0	0	0	0	0	0	0	0	0	0	0	0	0	0
76283	RAF_O13	6734.0	0	0	0	0	0	0	0	0	0	14074.0	0	0	0	0	0	0	0	0	0	0	0	0	0	0	0	0	0	0	0
76278	RAF_O08	12102.0	0	0	0	0	0	0	0	0	0	12849.0	0	0	0	0	0	0	0	0	0	0	0	0	0	0	0	0	0	0	0
76407	SIS_M03	292.0	0	0	0	0	0	0	0	0	0	0	0	27112.0	0	0	0	0	0	0	0	0	0	0	0	0	0	0	0	0	0
76382	SIS_A08	0	732.0	0	0	0	0	0	0	0	0	0	0	36673.0	0	0	0	0	0	0	0	0	0	0	0	0	0	0	0	0	0
76377	SIS_A02	2268.0	0	0	0	0	0	0	0	0	0	0	0	28643.0	0	0	0	0	0	0	0	0	0	0	0	0	0	0	0	0	0
76380	SIS_A05	6304.0	0	0	0	0	0	0	0	0	0	0	0	41793.0	0	0	0	0	0	0	0	0	0	0	0	0	0	0	0	0	0
76015	KUS_A13	8296.0	0	0	0	0	0	0	0	0	0	0	0	12153.0	0	0	0	0	0	0	0	0	0	0	0	0	0	0	0	0	0
76347	SEM_O02	8622.0	0	0	0	0	0	0	0	0	0	0	0	0	0	0	11433.0	0	0	0	0	0	0	0	0	0	0	0	0	0	0
76371	SEM_P11	0	0	0	22216.0	0	0	0	0	0	0	0	0	0	0	0	0	0	0	0	0	0	0	0	0	0	0	0	0	0	0
76359	SEM_O14	0	0	0	23533.0	0	0	0	0	0	0	0	0	0	0	0	0	0	0	0	0	0	0	0	0	0	0	0	0	0	0
76368	SEM_P08	0	0	0	22091.0	0	0	0	0	0	0	0	0	0	0	0	0	0	0	0	0	0	0	0	0	0	0	0	0	0	0
76208	PJO_O12	0	0	0	16501.0	0	0	0	0	0	0	0	0	0	0	0	0	0	0	0	0	0	0	0	0	0	0	0	0	0	0
76353	SEM_O08	0	0	0	14923.0	0	0	0	0	0	0	0	0	0	0	0	0	0	0	0	0	0	0	0	0	0	0	0	0	0	0
76198	PJO_O02	0	0	0	22738.0	0	0	0	0	0	0	0	0	0	0	0	0	0	0	0	0	0	0	0	0	0	0	0	0	0	0
76203	PJO_O07	0	0	0	48295.0	0	0	0	0	0	0	0	0	0	0	0	0	0	0	0	0	0	0	0	0	0	0	0	0	0	0
76205	PJO_O09	0	0	0	26917.0	0	0	0	0	0	0	0	0	0	0	0	0	0	0	0	0	0	0	0	0	0	0	0	0	0	0
76204	PJO_O08	0	0	0	19623.0	0	0	0	0	0	0	0	0	0	0	0	0	0	0	0	0	0	0	0	0	0	0	0	0	0	0
76192	PJO_M11	0	0	0	0	13912.0	0	0	0	0	0	0	0	0	0	0	0	0	0	0	216.0	0	0	0	0	0	0	0	0	0	0
76195	PJO_M14	0	0	0	0	22818.0	0	0	0	1058.0	0	0	0	0	0	0	0	0	0	0	0	0	0	0	0	0	0	0	0	0	0
76196	PJO_M15	0	0	0	0	14271.0	0	0	0	522.0	0	0	0	0	0	0	0	0	0	0	0	0	0	0	0	0	0	0	0	0	0
76194	PJO_M13	0	0	0	0	20481.0	0	0	676.0	0	0	0	0	0	0	0	0	0	0	0	0	0	0	0	0	0	0	0	0	0	0
76103	PHA_D11	0	0	0	0	9319.0	0	0	0	605.0	0	0	0	0	0	0	0	0	0	0	0	0	0	0	0	0	0	0	0	0	0
76104	PHA_D12	0	0	0	0	6553.0	0	451.0	0	0	0	0	0	0	0	0	0	0	0	0	0	0	403.0	0	0	0	0	0	0	0	0
76375	SEM_P15	0	0	0	0	0	10748.0	0	0	0	0	0	0	0	0	0	0	0	0	0	0	0	0	0	0	0	0	0	0	0	0
76346	SEM_O01	0	0	0	0	0	32161.0	0	0	0	0	0	0	0	0	0	0	0	0	0	0	0	0	0	0	0	0	0	0	0	0
76366	SEM_P06	0	0	0	0	0	29880.0	0	0	0	0	0	0	0	0	0	0	0	0	0	0	0	0	0	0	0	0	0	0	0	0
76374	SEM_P14	0	0	0	0	0	26842.0	0	0	0	0	0	0	0	0	0	0	0	0	0	0	0	0	0	0	0	0	0	0	0	0
76129	PHA_O07	0	1627.0	0	0	0	0	0	0	0	0	0	0	0	0	0	0	0	0	0	0	0	0	0	15420.0	0	0	0	0	0	0
76128	PHA_O06	0	3362.0	0	0	0	0	0	0	0	0	0	0	0	0	0	0	0	0	0	0	0	0	0	10316.0	0	0	0	0	0	0
76197	PJO_O01	262.0	0	0	0	0	0	0	0	0	0	0	0	0	0	0	0	0	0	0	0	0	0	0	0	0	0	0	25483.0	0	0
76005	KUS_A03	0	0	0	0	0	0	0	0	0	0	0	0	0	0	0	0	0	0	0	0	0	0	0	0	0	0	0	0	0	0
76239	RAF_A13	0	0	0	0	0	0	0	0	0	0	0	0	0	0	0	0	0	0	0	0	0	0	0	0	0	0	0	0	0	0
76381	SIS_A06	0	0	0	0	0	0	0	0	0	0	0	0	0	0	0	0	0	0	0	0	0	0	0	0	0	0	0	0	0	0
76171	PJO_D05	0	0	0	0	0	0	0	0	0	0	0	0	0	0	0	0	0	0	0	0	0	0	0	0	0	0	0	0	0	0
76164	PJO_A13	0	0	0	0	0	0	0	0	0	0	0	0	0	0	0	0	0	0	0	0	0	0	0	0	0	0	0	0	0	0
76113	PHA_M06	0	0	0	0	0	0	0	0	0	0	0	0	0	0	0	0	0	0	0	0	0	0	0	0	0	0	0	0	0	0
76090	PHA_A13	0	0	0	0	0	0	0	0	0	0	0	0	0	0	0	0	0	0	0	0	0	0	0	0	0	0	0	0	0	0
76089	PHA_A12	0	0	0	0	0	0	0	0	0	0	0	0	0	0	0	0	0	0	0	0	0	0	0	0	0	0	0	0	0	0
76179	PJO_D13	0	0	0	0	0	0	0	0	0	0	0	0	0	0	0	0	0	0	0	0	0	0	0	0	0	0	0	0	0	0
Sequence accession / SymPortal UID		1330/32/20866/25883-25877	25883/32/1330-20866	32/1330-20866-105306	25883-32	32/1330/20866-25883-80	25883-41-25896	1584	853-854-1730-2332-3295-2308	853/854-1730-2308-2582	853-854-1730-2332-2308	853-854-2308-2582-944-2587-1759	853-854-1730-2332	853-854-1730-2332-3295	853/854/25940-25950	853-854-1730-933-2308-2332-855	853-854-2308	853-854-1730-2582-2308-2587-944-1759-2597-1768-2594	853-854-933-1730-855	853-854-1730-2308	853-854-1730	25940	853-854-1730-2332-933	853-854-1730-2308-1752	854-853-933	853-854-1730-2308-1752-855	853-854-1730-2332-855-1752	854-853	853-854-2308-1730-855	853-854-933-1730	853-854-1730-2332-855
Average defining sequence proportions and [stdev]		0.335[0.154]/0.333[0.111]/0.175[0.063]/0.135[0.175]-0.021[0.011]	0.798[0.148]/0.124[0.055]/0.052[0.075]-0.026[0.035]	0.474[0.048]/0.291[0.069]-0.206[0.033]-0.028[0.004]	0.950[0.023]-0.050[0.023]	0.363[0.194]/0.285[0.125]/0.258[0.167]-0.081[0.036]-0.014[0.012]	0.975[0.004]-0.014[0.003]-0.012[0.001]	1.000[0.000]	0.660[0.029]-0.180[0.033]-0.083[0.027]-0.031[0.011]-0.030[0.013]-0.017[0.009]	0.648[0.057]/0.244[0.067]-0.053[0.022]-0.029[0.012]-0.025[0.010]	0.689[0.042]-0.185[0.046]-0.074[0.021]-0.032[0.012]-0.020[0.009]	0.634[0.031]-0.264[0.034]-0.044[0.017]-0.022[0.007]-0.014[0.006]-0.014[0.005]-0.010[0.004]	0.697[0.028]-0.163[0.031]-0.101[0.026]-0.039[0.011]	0.664[0.017]-0.163[0.027]-0.087[0.014]-0.044[0.011]-0.042[0.017]	0.386[0.194]/0.302[0.064]/0.268[0.134]-0.044[0.025]	0.620[0.026]-0.246[0.024]-0.051[0.024]-0.025[0.011]-0.022[0.011]-0.018[0.005]-0.018[0.008]	0.635[0.035]-0.316[0.041]-0.048[0.014]	0.614[0.040]-0.226[0.052]-0.039[0.014]-0.029[0.008]-0.023[0.013]-0.016[0.005]-0.016[0.005]-0.015[0.006]-0.008[0.006]-0.008[0.003]-0.007[0.003]	0.603[0.032]-0.283[0.025]-0.043[0.009]-0.043[0.011]-0.028[0.005]	0.665[0.038]-0.231[0.032]-0.076[0.020]-0.028[0.009]	0.664[0.029]-0.249[0.046]-0.087[0.021]	1.000[0.000]	0.662[0.006]-0.233[0.039]-0.051[0.039]-0.028[0.008]-0.025[0.020]	0.683[0.045]-0.214[0.036]-0.057[0.009]-0.030[0.017]-0.017[0.000]	0.459[0.001]-0.331[0.007]-0.211[0.009]	0.656[nan]-0.233[nan]-0.087[nan]-0.012[nan]-0.008[nan]-0.003[nan]	0.623[nan]-0.275[nan]-0.051[nan]-0.022[nan]-0.019[nan]-0.010[nan]	0.894[nan]-0.106[nan]	0.645[nan]-0.285[nan]-0.052[nan]-0.012[nan]-0.006[nan]	0.615[nan]-0.294[nan]-0.051[nan]-0.041[nan]	0.677[nan]-0.171[nan]-0.081[nan]-0.058[nan]-0.013[nan]
