ITS2 type profile UID		98519	98623	98616	98521	98042	98518	98026	97789	98113	98622	98621	97968	98520	98066	98111	98112	97809	98517	97808	97810	98619	98028	98128	98527	98104	98309	98249	98240	98654	98659	
Clade		C	C	C	C	C	C	C	C	C	C	C	C	C	C	C	C	C	C	C	C	C	C	C	C	C	D	D	D	D	D	
Majority ITS2 sequence		C31/C17d	C31	C31/C17d	C17d/C31	C31/C17d	C31	C31/C17d	C17d/C31	C31	C31	C31/C17d	C3/C1	C31/C17d	C31	C31	C31/C17d/C21	C31	C31	C31	C31	C31	C31/C17d	C31	C31/C17d	C15	D1/D4	D4/D1	D1	D1	D4	
Associated species		None	None	None	None	None	None	None	None	None	None	None	S. goreaui	None	None	None	None	None	None	None	None	None	None	None	None	S. goreaui	"S. glynnii,S. trenchii"	"S. glynnii,S. trenchii"	"S. glynnii,S. trenchii"	"S. glynnii,S. trenchii"	"S. glynnii,S. trenchii"	
ITS2 profile abundance local		101	93	70	58	52	45	42	40	39	36	24	22	21	17	15	15	9	9	4	3	3	3	2	2	1	410	4	1	1	1	
ITS2 profile abundance DB		220	200	148	67	67	125	46	58	58	55	38	143	41	28	20	19	23	12	13	14	15	15	10	36	59	684	165	50	14	230	
ITS2 type profile		C17d/C31-C21-C21ac-C17e-C17f-C31.9	C31/C17d-C21-C31a-C21ac-C31.9-C17e	C31/C17d-C31.1-C21-C31a-C31f-C17e-C21ac-C31j	C17d/C31-C21-C17e-C21ac-C17f-C17g	C31/C17d-C21-C21ac-C31.9	C31/C17d-C21-C31.9-C21ac-C17e-C31h-C17f-C31i	C31/C17d-C21-C21ac-C17e	C17d/C31-C21-C21ac-C17f	C31-C17d-C31.1-C31a-C21-C31f-C31b-C17e	C31/C17d-C21-C21ac-C31.9-C31k	C31/C17d-C21-C21ac-C31k-C17e	C3/C1	C31/C17d-C21-C21ac-C31a-C31.9-C17f	C31-C17d-C31a-C21-C21ac-C31g-C31.9	C31-C17d-C21-C31.1-C21ac-C31f-C31a-C31j	C31/C17d/C21-C31.9-C31.5-C31a-C21ac	C31/C17d-C21-C31a-C21ac	C31-C17d-C31.1-C21-C31a-C31f-C17e-C21ac	C31/C17d-C21-C21ac	C31-C17d-C31.1-C31a-C21-C17e-C21ac	C31/C17d/C15-C21-C21ac-C17e	C31/C17d-C21	C31/C17d-C31.1	C31/C17d-C21-C21ap-C21ac	C15/C1	D4/D1/D6-D1ab-D3h	D1/D4/D1ab/D6	D1/D4/D6	D1/D4-D6-D1ab-D17d-D1r-D17e-D17c	D1/D4-D6-D1ab-D3h-D4d	
124472	Clo2019_ID447	0	0	0	0	0	0	0	0	0	0	0	0	0	0	0	0	0	0	0	0	0	0	0	0	0	252	0	0	0	0
124467	Clo2019_ID442	0	0	0	0	0	0	0	0	0	0	0	0	0	0	0	0	0	0	0	0	0	0	0	0	0	233	0	0	0	0	
124441	Clo2019_ID419	0	0	0	0	0	0	0	0	0	0	0	0	0	0	0	0	0	0	0	0	0	0	0	0	0	317	0	0	0	0	
124435	Clo2019_ID411	0	0	0	0	0	0	0	0	0	0	0	0	0	0	0	0	0	0	0	0	0	0	0	0	0	241	0	0	0	0	
124396	Clo2019_ID368	0	0	0	0	0	0	0	0	0	0	0	0	0	0	0	0	0	0	0	0	0	0	0	0	0	272	0	0	0	0	
124391	Clo2019_ID362	0	0	0	0	0	0	0	0	0	0	0	0	0	0	0	0	0	0	0	0	0	0	0	0	0	303	0	0	0	0	
124218	Clo2019_ID161	0	0	0	0	0	0	0	0	0	0	0	0	0	0	0	0	0	0	0	0	0	0	0	0	0	223	0	0	0	0	
124016	Clo2017_ID50	0	0	0	0	0	0	0	0	0	0	0	0	0	0	0	0	0	0	0	0	0	0	0	0	0	297	0	0	0	0	
124200	Clo2019_ID145	0	0	0	0	0	0	0	0	0	0	0	0	0	0	0	0	0	0	0	0	0	0	0	0	0	562	0	0	0	0	
124459	Clo2019_ID435	0	0	0	0	0	0	0	0	0	0	0	0	0	0	0	0	0	0	0	0	0	0	0	0	0	425	0	0	0	0	
124482	Clo2019_ID456	0	0	0	0	0	0	0	0	0	0	0	0	0	0	0	0	0	0	0	0	0	0	0	0	0	1611	0	0	0	0	
124440	Clo2019_ID418	0	0	0	0	0	0	0	0	0	0	0	0	0	0	0	0	0	0	0	0	0	0	0	0	0	380	0	0	0	0	
124393	Clo2019_ID364	0	0	0	0	0	0	0	0	0	0	0	0	0	0	0	0	0	0	0	0	0	0	0	0	0	437	0	0	0	0	
123615	Clo2017_ID121	0	0	0	0	0	0	0	0	0	0	0	0	0	0	0	0	0	0	0	0	0	0	0	0	0	1502	0	0	0	0	
124196	Clo2019_ID141	0	0	0	0	0	0	0	0	0	0	0	0	0	0	0	0	0	0	0	0	0	0	0	0	0	886	0	0	0	0	
123711	Clo2017_ID215	0	0	0	0	0	0	0	0	0	0	0	0	0	0	0	0	0	0	0	0	0	0	0	0	0	1762	0	0	0	0	
124347	Clo2019_ID318	0	0	0	0	0	0	0	0	0	0	0	0	0	0	0	0	0	0	0	0	0	0	0	0	0	977	0	0	0	0	
124188	Clo2019_ID134	0	0	0	0	0	0	0	0	0	0	0	0	0	0	0	0	0	0	0	0	0	0	0	0	0	318	0	0	0	0	
124410	Clo2019_ID381	0	0	0	0	0	0	0	0	0	0	0	0	0	0	0	0	0	0	0	0	0	0	0	0	0	628	0	0	0	0	
124209	Clo2019_ID153	0	0	0	0	0	0	0	0	0	0	0	0	0	0	0	0	0	0	0	0	0	0	0	0	0	497	0	0	0	0	
123864	Clo2017_ID368	0	0	0	0	0	0	0	0	0	0	0	0	0	0	0	0	0	0	0	0	0	0	0	0	0	3512	0	0	0	0	
124390	Clo2019_ID361	0	0	0	0	0	0	0	0	0	0	0	0	0	0	0	0	0	0	0	0	0	0	0	0	0	916	0	0	0	0	
124473	Clo2019_ID448	0	0	0	0	0	0	0	0	0	0	0	0	0	0	0	0	0	0	0	0	0	0	0	0	0	779	0	0	0	0	
124516	Clo2019_ID488	0	0	0	0	0	0	0	0	0	0	0	0	0	0	0	0	0	0	0	0	0	0	0	0	0	2270	0	0	0	0	
123640	Clo2017_ID151	0	0	0	0	0	0	0	0	0	0	0	0	0	0	0	0	0	0	0	0	0	0	0	0	0	4116	0	0	0	0	
123693	Clo2017_ID19	0	0	0	0	0	0	0	0	0	0	0	0	0	0	0	0	0	0	0	0	0	0	0	0	0	293	0	0	0	0	
124204	Clo2019_ID149	0	0	0	0	0	0	0	0	0	0	0	0	0	0	0	0	0	0	0	0	0	0	0	0	0	518	0	0	0	0	
123617	Clo2017_ID123	0	0	0	0	0	0	0	0	0	0	0	0	0	0	0	0	0	0	0	0	0	0	0	0	0	2627	0	0	0	0	
123850	Clo2017_ID355	0	0	0	0	0	0	0	0	0	0	0	0	0	0	0	0	0	0	0	0	0	0	0	0	0	3706	0	0	0	0	
123796	Clo2017_ID302	0	0	0	0	0	0	0	0	0	0	0	0	0	0	0	0	0	0	0	0	0	0	0	0	0	3717	0	0	0	0	
124217	Clo2019_ID160	0	0	0	0	0	0	0	0	0	0	0	0	0	0	0	0	0	0	0	0	0	0	0	0	0	487	0	0	0	0	
124483	Clo2019_ID457	0	0	0	0	0	0	0	0	0	0	0	0	0	0	0	0	0	0	0	0	0	0	0	0	0	1549	0	0	0	0	
123839	Clo2017_ID345	0	0	0	0	0	0	0	0	0	0	0	0	0	0	0	0	0	0	0	0	0	0	0	0	0	5798	0	0	0	0	
124383	Clo2019_ID355	0	0	0	0	0	0	0	0	0	0	0	0	0	0	0	0	0	0	0	0	0	0	0	0	0	6176	0	0	0	0	
123862	Clo2017_ID366	0	0	0	0	0	0	0	0	0	0	0	0	0	0	0	0	0	0	0	0	0	0	0	0	0	3060	0	0	0	0	
123857	Clo2017_ID361	0	0	0	0	0	0	0	0	0	0	0	0	0	0	0	0	0	0	0	0	0	0	0	0	0	5493	0	0	0	0	
123697	Clo2017_ID202	0	0	0	0	0	0	0	0	0	0	0	0	0	0	0	0	0	0	0	0	0	0	0	0	0	3620	0	0	0	0	
124220	Clo2019_ID164	0	0	0	0	0	0	0	0	0	0	0	0	0	0	0	0	0	0	0	0	0	0	0	0	0	412	0	0	0	0	
123908	Clo2017_ID408	0	0	0	0	0	0	0	0	0	0	0	0	0	0	0	0	0	0	0	0	0	0	0	0	0	6963	0	0	0	0	
124469	Clo2019_ID444	0	0	0	0	0	0	0	0	0	0	0	0	0	0	0	0	0	0	0	0	0	0	0	0	0	1030	0	0	0	0	
123949	Clo2017_ID445	0	0	0	0	0	0	0	0	0	0	0	0	0	0	0	0	0	0	0	0	0	0	0	0	0	2822	0	0	0	0	
123948	Clo2017_ID444	0	0	0	0	0	0	0	0	0	0	0	0	0	0	0	0	0	0	0	0	0	0	0	0	0	2074	0	0	0	0	
123909	Clo2017_ID409	0	0	0	0	0	0	0	0	0	0	0	0	0	0	0	0	0	0	0	0	0	0	0	0	0	6257	0	0	0	0	
123946	Clo2017_ID442	0	0	0	0	0	0	0	0	0	0	0	0	0	0	0	0	0	0	0	0	0	0	0	0	0	765	0	0	0	0	
123846	Clo2017_ID351	0	0	0	0	0	0	0	0	0	0	0	0	0	0	0	0	0	0	0	0	0	0	0	0	0	14351	0	0	0	0	
124540	Clo2019_ID50	0	0	0	0	0	0	0	0	0	0	0	0	0	0	0	0	0	0	0	0	0	0	0	0	0	1047	0	0	0	0	
123860	Clo2017_ID364	0	0	0	0	0	0	0	0	0	0	0	0	0	0	0	0	0	0	0	0	0	0	0	0	0	7882	0	0	0	0	
123671	Clo2017_ID17	0	0	0	0	0	0	0	0	0	0	0	0	0	0	0	0	0	0	0	0	0	0	0	0	0	427	0	0	0	0	
123854	Clo2017_ID359	0	0	0	0	0	0	0	0	0	0	0	0	0	0	0	0	0	0	0	0	0	0	0	0	0	9646	0	0	0	0	
124215	Clo2019_ID159	0	0	0	0	0	0	0	0	0	0	0	0	0	0	0	0	0	0	0	0	0	0	0	0	0	470	0	0	0	0	
123907	Clo2017_ID407	0	0	0	0	0	0	0	0	0	0	0	0	0	0	0	0	0	0	0	0	0	0	0	0	0	4331	0	0	0	0	
123653	Clo2017_ID163	0	0	0	0	0	0	0	0	0	0	0	0	0	0	0	0	0	0	0	0	0	0	0	0	0	3671	0	0	0	0	
124397	Clo2019_ID369	0	0	0	0	0	0	0	0	0	0	0	0	0	0	0	0	0	0	0	0	0	0	0	0	0	278	0	0	0	0	
124274	Clo2019_ID220	0	0	0	0	0	0	0	0	0	0	0	0	0	0	0	0	0	0	0	0	0	0	0	0	0	21768	0	0	0	0	
124270	Clo2019_ID217	0	0	0	0	0	0	0	0	0	0	0	0	0	0	0	0	0	0	0	0	0	0	0	0	0	1386	0	0	0	0	
123843	Clo2017_ID349	0	0	0	0	0	0	0	0	0	0	0	0	0	0	0	0	0	0	0	0	0	0	0	0	0	4475	0	0	0	0	
123842	Clo2017_ID348	0	0	0	0	0	0	0	0	0	0	0	0	0	0	0	0	0	0	0	0	0	0	0	0	0	3952	0	0	0	0	
124320	Clo2019_ID273	0	0	0	0	0	0	0	0	0	0	0	0	0	0	0	0	0	0	0	0	0	0	0	0	0	23919	0	0	0	0	
124261	Clo2019_ID209	0	0	0	0	0	0	0	0	0	0	0	0	0	0	0	0	0	0	0	0	0	0	0	0	0	59707	0	0	0	0	
123865	Clo2017_ID369	0	0	0	0	0	0	0	0	0	0	0	0	0	0	0	0	0	0	0	0	0	0	0	0	0	3434	0	0	0	0	
123950	Clo2017_ID446	0	0	0	0	0	0	0	0	0	0	0	0	0	0	0	0	0	0	0	0	0	0	0	0	0	732	0	0	0	0	
124177	Clo2019_ID121	0	0	0	0	0	0	0	0	0	0	0	0	0	0	0	0	0	0	0	0	0	0	0	0	0	998	0	0	0	0	
124395	Clo2019_ID366	0	0	0	0	0	0	0	0	0	0	0	0	0	0	0	0	0	0	0	0	0	0	0	0	0	498	0	0	0	0	
123867	Clo2017_ID370	0	0	0	0	0	0	0	0	0	0	0	0	0	0	0	0	0	0	0	0	0	0	0	0	0	2256	0	0	0	0	
124639	Clo2019_ID6	0	0	0	0	0	0	0	0	0	0	0	0	0	0	0	0	0	0	0	0	0	0	0	0	0	3023	0	0	0	0	
124331	Clo2019_ID297	0	0	0	0	0	0	0	0	0	0	0	0	0	0	0	0	0	0	0	0	0	0	0	0	0	1527	0	0	0	0	
124505	Clo2019_ID477	0	0	0	0	0	0	0	0	0	0	0	0	0	0	0	0	0	0	0	0	0	0	0	0	0	672	0	0	0	0	
123954	Clo2017_ID450	0	0	0	0	0	0	0	0	0	0	0	0	0	0	0	0	0	0	0	0	0	0	0	0	0	3468	0	0	0	0	
123628	Clo2017_ID134	0	0	0	0	0	0	0	0	0	0	0	0	0	0	0	0	0	0	0	0	0	0	0	0	0	1977	0	0	0	0	
123642	Clo2017_ID153	0	0	0	0	0	0	0	0	0	0	0	0	0	0	0	0	0	0	0	0	0	0	0	0	0	2649	0	0	0	0	
124214	Clo2019_ID158	0	0	0	0	0	0	0	0	0	0	0	0	0	0	0	0	0	0	0	0	0	0	0	0	0	475	0	0	0	0	
124194	Clo2019_ID13	0	0	0	0	0	0	0	0	0	0	0	0	0	0	0	0	0	0	0	0	0	0	0	0	0	1943	0	0	0	0	
123978	Clo2017_ID473	0	0	0	0	0	0	0	0	0	0	0	0	0	0	0	0	0	0	0	0	0	0	0	0	0	2288	0	0	0	0	
124468	Clo2019_ID443	0	0	0	0	0	0	0	0	0	0	0	0	0	0	0	0	0	0	0	0	0	0	0	0	0	301	0	0	0	0	
123863	Clo2017_ID367	0	0	0	0	0	0	0	0	0	0	0	0	0	0	0	0	0	0	0	0	0	0	0	0	0	6083	0	0	0	0	
123626	Clo2017_ID131	0	0	0	0	0	0	0	0	0	0	0	0	0	0	0	0	0	0	0	0	0	0	0	0	0	1059	0	0	0	0	
123931	Clo2017_ID429	0	0	0	0	0	0	0	0	0	0	0	0	0	0	0	0	0	0	0	0	0	0	0	0	0	1945	0	0	0	0	
124251	Clo2019_ID19	0	0	0	0	0	0	0	0	0	0	0	0	0	0	0	0	0	0	0	0	0	0	0	0	0	3587	0	0	0	0	
123962	Clo2017_ID458	0	0	0	0	0	0	0	0	0	0	0	0	0	0	0	0	0	0	0	0	0	0	0	0	0	1220	0	0	0	0	
123960	Clo2017_ID456	0	0	0	0	0	0	0	0	0	0	0	0	0	0	0	0	0	0	0	0	0	0	0	0	0	2227	0	0	0	0	
123856	Clo2017_ID360	0	0	0	0	0	0	0	0	0	0	0	0	0	0	0	0	0	0	0	0	0	0	0	0	0	3024	0	0	0	0	
123951	Clo2017_ID448	0	0	0	0	0	0	0	0	0	0	0	0	0	0	0	0	0	0	0	0	0	0	0	0	0	2037	0	0	0	0	
123838	Clo2017_ID344	0	0	0	0	0	0	0	0	0	0	0	0	0	0	0	0	0	0	0	0	0	0	0	0	0	4721	0	0	0	0	
123955	Clo2017_ID451	0	0	0	0	0	0	0	0	0	0	0	0	0	0	0	0	0	0	0	0	0	0	0	0	0	4181	0	0	0	0	
123874	Clo2017_ID377	0	0	0	0	0	0	0	0	0	0	0	0	0	0	0	0	0	0	0	0	0	0	0	0	0	3304	0	0	0	0	
124181	Clo2019_ID127	0	0	0	0	0	0	0	0	0	0	0	0	0	0	0	0	0	0	0	0	0	0	0	0	0	288	0	0	0	0	
124644	Clo2019_ID75	0	0	0	0	0	0	0	0	0	0	0	0	0	0	0	0	0	0	0	0	0	0	0	0	0	1879	0	0	0	0	
124254	Clo2019_ID202	0	0	0	0	0	0	0	0	0	0	0	0	0	0	0	0	0	0	0	0	0	0	0	0	0	22994	0	0	0	0	
123840	Clo2017_ID346	0	0	0	0	0	0	0	0	0	0	0	0	0	0	0	0	0	0	0	0	0	0	0	0	0	3580	0	0	0	0	
123700	Clo2017_ID205	0	0	0	0	0	0	0	0	0	0	0	0	0	0	0	0	0	0	0	0	0	0	0	0	0	3732	0	0	0	0	
123837	Clo2017_ID343	0	0	0	0	0	0	0	0	0	0	0	0	0	0	0	0	0	0	0	0	0	0	0	0	0	6037	0	0	0	0	
123849	Clo2017_ID354	0	0	0	0	0	0	0	0	0	0	0	0	0	0	0	0	0	0	0	0	0	0	0	0	0	4118	0	0	0	0	
124403	Clo2019_ID374	0	0	0	0	0	0	0	0	0	0	0	0	0	0	0	0	0	0	0	0	0	0	0	0	0	1684	0	0	0	0	
123790	Clo2017_ID298	0	0	0	0	0	0	0	0	0	0	0	0	0	0	0	0	0	0	0	0	0	0	0	0	0	3067	0	0	0	0	
124526	Clo2019_ID498	0	0	0	0	0	0	0	0	0	0	0	0	0	0	0	0	0	0	0	0	0	0	0	0	0	1095	0	0	0	0	
123650	Clo2017_ID160	0	0	0	0	0	0	0	0	0	0	0	0	0	0	0	0	0	0	0	0	0	0	0	0	0	4054	0	0	0	0	
123618	Clo2017_ID124	0	0	0	0	0	0	0	0	0	0	0	0	0	0	0	0	0	0	0	0	0	0	0	0	0	2884	0	0	0	0	
123956	Clo2017_ID452	0	0	0	0	0	0	0	0	0	0	0	0	0	0	0	0	0	0	0	0	0	0	0	0	0	2182	0	0	0	0	
123635	Clo2017_ID146	0	0	0	0	0	0	0	0	0	0	0	0	0	0	0	0	0	0	0	0	0	0	0	0	0	3775	0	0	0	0	
124208	Clo2019_ID152	0	0	0	0	0	0	0	0	0	0	0	0	0	0	0	0	0	0	0	0	0	0	0	0	0	426	0	0	0	0	
123858	Clo2017_ID362	0	0	0	0	0	0	0	0	0	0	0	0	0	0	0	0	0	0	0	0	0	0	0	0	0	3000	0	0	0	0	
124448	Clo2019_ID425	0	0	0	0	0	0	0	0	0	0	0	0	0	0	0	0	0	0	0	0	0	0	0	0	0	6103	0	0	0	0	
123800	Clo2017_ID307	0	0	0	0	0	0	0	0	0	0	0	0	0	0	0	0	0	0	0	0	0	0	0	0	0	6393	0	0	0	0	
124228	Clo2019_ID176	0	0	0	0	0	0	0	0	0	0	0	0	0	0	0	0	0	0	0	0	0	0	0	0	0	904	0	0	0	0	
123647	Clo2017_ID158	0	0	0	0	0	0	0	0	0	0	0	0	0	0	0	0	0	0	0	0	0	0	0	0	0	3272	0	0	0	0	
124581	Clo2019_ID54	0	0	0	0	0	0	0	0	0	0	0	0	0	0	0	0	0	0	0	0	0	0	0	0	0	2143	0	0	0	0	
124660	Clo2019_ID93	0	0	0	0	0	0	0	0	0	0	0	0	0	0	0	0	0	0	0	0	0	0	0	0	0	526	0	0	0	0	
123938	Clo2017_ID435	0	0	0	0	0	0	0	0	0	0	0	0	0	0	0	0	0	0	0	0	0	0	0	0	0	3510	0	0	0	0	
123945	Clo2017_ID441	0	0	0	0	0	0	0	0	0	0	0	0	0	0	0	0	0	0	0	0	0	0	0	0	0	1380	0	0	0	0	
123641	Clo2017_ID152	0	0	0	0	0	0	0	0	0	0	0	0	0	0	0	0	0	0	0	0	0	0	0	0	0	1976	0	0	0	0	
123654	Clo2017_ID164	0	0	0	0	0	0	0	0	0	0	0	0	0	0	0	0	0	0	0	0	0	0	0	0	0	2494	0	0	0	0	
123906	Clo2017_ID406	0	0	0	0	0	0	0	0	0	0	0	0	0	0	0	0	0	0	0	0	0	0	0	0	0	3446	0	0	0	0	
124376	Clo2019_ID346	0	0	0	0	0	0	0	0	0	0	0	0	0	0	0	0	0	0	0	0	0	0	0	0	0	1502	0	0	0	0	
124199	Clo2019_ID144	0	0	0	0	0	0	0	0	0	0	0	0	0	0	0	0	0	0	0	0	0	0	0	0	0	1831	0	0	0	0	
123625	Clo2017_ID130	0	0	0	0	0	0	0	0	0	0	0	0	0	0	0	0	0	0	0	0	0	0	0	0	0	2334	0	0	0	0	
124212	Clo2019_ID156	0	0	0	0	0	0	0	0	0	0	0	0	0	0	0	0	0	0	0	0	0	0	0	0	0	583	0	0	0	0	
124219	Clo2019_ID162	0	0	0	0	0	0	0	0	0	0	0	0	0	0	0	0	0	0	0	0	0	0	0	0	0	473	0	0	0	0	
124269	Clo2019_ID216	0	0	0	0	0	0	0	0	0	0	0	0	0	0	0	0	0	0	0	0	0	0	0	0	0	326	0	0	0	0	
124373	Clo2019_ID343	0	0	0	0	0	0	0	0	0	0	0	0	0	0	0	0	0	0	0	0	0	0	0	0	0	9325	0	0	0	0	
123730	Clo2017_ID232	0	0	0	0	0	0	0	0	0	0	0	0	0	0	0	0	0	0	0	0	0	0	0	0	0	1765	0	0	0	0	
124433	Clo2019_ID409	0	0	0	0	0	0	0	0	0	0	0	0	0	0	0	0	0	0	0	0	0	0	0	0	0	432	0	0	0	0	
123981	Clo2017_ID477	0	0	0	0	0	0	0	0	0	0	0	0	0	0	0	0	0	0	0	0	0	0	0	0	0	6575	0	0	0	0	
124216	Clo2019_ID15	0	0	0	0	0	0	0	0	0	0	0	0	0	0	0	0	0	0	0	0	0	0	0	0	0	1652	0	0	0	0	
123616	Clo2017_ID122	0	0	0	0	0	0	0	0	0	0	0	0	0	0	0	0	0	0	0	0	0	0	0	0	0	3510	0	0	0	0	
123779	Clo2017_ID288	0	0	0	0	0	0	0	0	0	0	0	0	0	0	0	0	0	0	0	0	0	0	0	0	0	3223	0	0	0	0	
124389	Clo2019_ID360	0	0	0	0	0	0	0	0	0	0	0	0	0	0	0	0	0	0	0	0	0	0	0	0	0	6004	0	0	0	0	
123627	Clo2017_ID133	0	0	0	0	0	0	0	0	0	0	0	0	0	0	0	0	0	0	0	0	0	0	0	0	0	1128	0	0	0	0	
124201	Clo2019_ID146	0	0	0	0	0	0	0	0	0	0	0	0	0	0	0	0	0	0	0	0	0	0	0	0	0	1150	0	0	0	0	
123751	Clo2017_ID253	0	0	0	0	0	0	0	0	0	0	0	0	0	0	0	0	0	0	0	0	0	0	0	0	0	2139	0	0	0	0	
123975	Clo2017_ID470	0	0	0	0	0	0	0	0	0	0	0	0	0	0	0	0	0	0	0	0	0	0	0	0	0	6588	0	0	0	0	
124325	Clo2019_ID288	0	0	0	0	0	0	0	0	0	0	0	0	0	0	0	0	0	0	0	0	0	0	0	0	0	640	0	0	0	0	
123774	Clo2017_ID283	0	0	0	0	0	0	0	0	0	0	0	0	0	0	0	0	0	0	0	0	0	0	0	0	0	2054	0	0	0	0	
123914	Clo2017_ID413	0	0	0	0	0	0	0	0	0	0	0	0	0	0	0	0	0	0	0	0	0	0	0	0	0	571	0	0	0	0	
123705	Clo2017_ID20	0	0	0	0	0	0	0	0	0	0	0	0	0	0	0	0	0	0	0	0	0	0	0	0	0	1434	0	0	0	0	
124197	Clo2019_ID142	0	0	0	0	0	0	0	0	0	0	0	0	0	0	0	0	0	0	0	0	0	0	0	0	0	1299	0	0	0	0	
124480	Clo2019_ID454	0	0	0	0	0	0	0	0	0	0	0	0	0	0	0	0	0	0	0	0	0	0	0	0	0	265	0	0	0	0	
124361	Clo2019_ID330	0	0	0	0	0	0	0	0	0	0	0	0	0	0	0	0	0	0	0	0	0	0	0	0	0	8072	0	0	0	0	
123904	Clo2017_ID404	0	0	0	0	0	0	0	0	0	0	0	0	0	0	0	0	0	0	0	0	0	0	0	0	0	3378	0	0	0	0	
123961	Clo2017_ID457	0	0	0	0	0	0	0	0	0	0	0	0	0	0	0	0	0	0	0	0	0	0	0	0	0	2818	0	0	0	0	
124306	Clo2019_ID253	0	0	0	0	0	0	0	0	0	0	0	0	0	0	0	0	0	0	0	0	0	0	0	0	0	4109	0	0	0	0	
124520	Clo2019_ID491	0	0	0	0	0	0	0	0	0	0	0	0	0	0	0	0	0	0	0	0	0	0	0	0	0	2095	0	0	0	0	
124309	Clo2019_ID256	0	0	0	0	0	0	0	0	0	0	0	0	0	0	0	0	0	0	0	0	0	0	0	0	0	10104	0	0	0	0	
124386	Clo2019_ID358	0	0	0	0	0	0	0	0	0	0	0	0	0	0	0	0	0	0	0	0	0	0	0	0	0	11170	0	0	0	0	
123712	Clo2017_ID216	0	0	0	0	0	0	0	0	0	0	0	0	0	0	0	0	0	0	0	0	0	0	0	0	0	1298	0	0	0	0	
124405	Clo2019_ID377	0	0	0	0	0	0	0	0	0	0	0	0	0	0	0	0	0	0	0	0	0	0	0	0	0	1103	0	0	0	0	
123639	Clo2017_ID150	0	0	0	0	0	0	0	0	0	0	0	0	0	0	0	0	0	0	0	0	0	0	0	0	0	1919	0	0	0	0	
123927	Clo2017_ID425	0	0	0	0	0	0	0	0	0	0	0	0	0	0	0	0	0	0	0	0	0	0	0	0	0	1258	0	0	0	0	
123675	Clo2017_ID183	0	0	0	0	0	0	0	0	0	0	0	0	0	0	0	0	0	0	0	0	0	0	0	0	0	4402	0	0	0	0	
124178	Clo2019_ID122	0	0	0	0	0	0	0	0	0	0	0	0	0	0	0	0	0	0	0	0	0	0	0	0	0	1252	0	0	0	0	
124502	Clo2019_ID474	0	0	0	0	0	0	0	0	0	0	0	0	0	0	0	0	0	0	0	0	0	0	0	0	0	1087	0	0	0	0	
123715	Clo2017_ID219	0	0	0	0	0	0	0	0	0	0	0	0	0	0	0	0	0	0	0	0	0	0	0	0	0	3068	0	0	0	0	
124523	Clo2019_ID495	0	0	0	0	0	0	0	0	0	0	0	0	0	0	0	0	0	0	0	0	0	0	0	0	0	1765	0	0	0	0	
124242	Clo2019_ID190	0	0	0	0	0	0	0	0	0	0	0	0	0	0	0	0	0	0	0	0	0	0	0	0	0	2462	0	0	0	0	
124484	Clo2019_ID458	0	0	0	0	0	0	0	0	0	0	0	0	0	0	0	0	0	0	0	0	0	0	0	0	0	490	0	0	0	0	
124637	Clo2019_ID62	0	0	0	0	0	0	0	0	0	0	0	0	0	0	0	0	0	0	0	0	0	0	0	0	0	1101	0	0	0	0	
123853	Clo2017_ID358	0	0	0	0	0	0	0	0	0	0	0	0	0	0	0	0	0	0	0	0	0	0	0	0	0	2140	0	0	0	0	
123669	Clo2017_ID178	0	0	0	0	0	0	0	0	0	0	0	0	0	0	0	0	0	0	0	0	0	0	0	0	0	2842	0	0	0	0	
123823	Clo2017_ID330	0	0	0	0	0	0	0	0	0	0	0	0	0	0	0	0	0	0	0	0	0	0	0	0	0	4814	0	0	0	0	
123947	Clo2017_ID443	0	0	0	0	0	0	0	0	0	0	0	0	0	0	0	0	0	0	0	0	0	0	0	0	0	2383	0	0	0	0	
124287	Clo2019_ID232	0	0	0	0	0	0	0	0	0	0	0	0	0	0	0	0	0	0	0	0	0	0	0	0	0	6409	0	0	0	0	
124206	Clo2019_ID150	0	0	0	0	0	0	0	0	0	0	0	0	0	0	0	0	0	0	0	0	0	0	0	0	0	955	0	0	0	0	
124503	Clo2019_ID475	0	0	0	0	0	0	0	0	0	0	0	0	0	0	0	0	0	0	0	0	0	0	0	0	0	1127	0	0	0	0	
124336	Clo2019_ID302	0	0	0	0	0	0	0	0	0	0	0	0	0	0	0	0	0	0	0	0	0	0	0	0	0	2770	0	0	0	0	
124257	Clo2019_ID205	0	0	0	0	0	0	0	0	0	0	0	0	0	0	0	0	0	0	0	0	0	0	0	0	0	680	0	0	0	0	
123704	Clo2017_ID209	0	0	0	0	0	0	0	0	0	0	0	0	0	0	0	0	0	0	0	0	0	0	0	0	0	1014	0	0	0	0	
123713	Clo2017_ID217	0	0	0	0	0	0	0	0	0	0	0	0	0	0	0	0	0	0	0	0	0	0	0	0	0	2392	0	0	0	0	
124375	Clo2019_ID345	0	0	0	0	0	0	0	0	0	0	0	0	0	0	0	0	0	0	0	0	0	0	0	0	0	5416	0	0	0	0	
124123	Clo2017_ID68	0	0	0	0	0	0	0	0	0	0	0	0	0	0	0	0	0	0	0	0	0	0	0	0	0	943	0	0	0	0	
123710	Clo2017_ID214	0	0	0	0	0	0	0	0	0	0	0	0	0	0	0	0	0	0	0	0	0	0	0	0	0	1245	0	0	0	0	
123619	Clo2017_ID125	0	0	0	0	0	0	0	0	0	0	0	0	0	0	0	0	0	0	0	0	0	0	0	0	0	1381	0	0	0	0	
124234	Clo2019_ID183	0	0	0	0	0	0	0	0	0	0	0	0	0	0	0	0	0	0	0	0	0	0	0	0	0	2092	0	0	0	0	
124338	Clo2019_ID306	0	0	0	0	0	0	0	0	0	0	0	0	0	0	0	0	0	0	0	0	0	0	0	0	0	2032	0	0	0	0	
123851	Clo2017_ID356	0	0	0	0	0	0	0	0	0	0	0	0	0	0	0	0	0	0	0	0	0	0	0	0	0	2878	0	0	0	0	
124272	Clo2019_ID219	0	0	0	0	0	0	0	0	0	0	0	0	0	0	0	0	0	0	0	0	0	0	0	0	0	1233	0	0	0	0	
124326	Clo2019_ID289	0	0	0	0	0	0	0	0	0	0	0	0	0	0	0	0	0	0	0	0	0	0	0	0	0	986	0	0	0	0	
124498	Clo2019_ID470	0	0	0	0	0	0	0	0	0	0	0	0	0	0	0	0	0	0	0	0	0	0	0	0	0	1146	0	0	0	0	
124323	Clo2019_ID282	0	0	0	0	0	0	0	0	0	0	0	0	0	0	0	0	0	0	0	0	0	0	0	0	0	3866	0	0	0	0	
123780	Clo2017_ID289	0	0	0	0	0	0	0	0	0	0	0	0	0	0	0	0	0	0	0	0	0	0	0	0	0	3946	0	0	0	0	
124374	Clo2019_ID344	0	0	0	0	0	0	0	0	0	0	0	0	0	0	0	0	0	0	0	0	0	0	0	0	0	587	0	0	0	0	
124384	Clo2019_ID356	0	0	0	0	0	0	0	0	0	0	0	0	0	0	0	0	0	0	0	0	244	0	0	0	0	20257	0	0	0	0	
124514	Clo2019_ID486	0	0	0	0	0	0	0	0	0	0	0	0	0	0	0	0	0	0	0	0	0	0	0	0	0	2305	0	0	0	0	
124211	Clo2019_ID155	0	0	0	0	0	0	0	0	0	0	0	0	0	0	0	0	0	0	0	0	0	0	0	0	0	234	0	0	0	0	
124027	Clo2017_ID51	0	0	0	0	0	0	0	0	0	0	0	0	0	0	0	0	0	0	0	0	0	0	0	0	0	515	0	0	0	0	
124253	Clo2019_ID201	0	0	0	0	0	0	0	0	0	0	0	0	0	0	0	0	396	0	0	0	0	0	0	0	0	25693	0	0	0	0	
124530	Clo2019_ID500	0	0	0	0	0	0	0	0	0	0	0	0	0	0	0	0	0	0	0	0	0	0	0	0	0	971	0	0	0	0	
123925	Clo2017_ID423	0	0	0	0	0	0	0	0	0	0	0	0	0	0	0	0	0	0	0	0	0	0	0	0	0	433	0	0	0	0	
124501	Clo2019_ID473	0	0	0	0	0	0	0	0	0	0	0	0	0	0	0	0	0	0	0	0	0	0	0	0	0	936	0	0	0	0	
123818	Clo2017_ID326	0	0	0	0	0	0	0	0	0	0	0	0	0	0	0	0	0	0	0	0	0	0	0	0	0	1354	0	0	0	0	
123770	Clo2017_ID273	0	0	0	0	0	0	0	0	0	0	0	0	0	0	0	0	0	0	0	0	0	0	0	0	0	2445	0	0	0	0	
124377	Clo2019_ID347	0	0	0	0	0	0	0	0	0	0	0	0	0	0	0	0	0	0	0	0	0	0	0	0	0	1085	0	0	0	0	
123917	Clo2017_ID416	0	0	0	0	0	0	0	0	0	0	0	0	0	0	0	0	0	0	0	0	0	0	0	0	0	689	0	0	0	0	
124387	Clo2019_ID359	0	0	0	0	0	0	0	0	0	0	0	0	0	0	0	0	0	0	0	0	0	0	0	0	0	810	0	0	0	0	
123879	Clo2017_ID381	0	0	0	0	0	0	0	0	0	0	0	0	0	0	0	0	0	0	0	0	0	0	0	0	0	2600	0	0	0	0	
124000	Clo2017_ID496	0	0	0	0	0	0	0	0	0	0	0	0	0	0	0	0	0	0	0	0	0	0	0	0	0	4668	0	0	0	0	
124002	Clo2017_ID498	0	0	0	0	0	0	0	0	0	0	0	0	0	0	0	0	0	0	0	0	0	0	0	0	0	3128	0	0	0	0	
123696	Clo2017_ID201	0	0	0	0	0	0	0	0	0	0	0	0	0	0	0	0	0	0	0	0	0	0	0	0	0	3959	0	0	0	0	
124524	Clo2019_ID496	0	0	0	0	0	0	0	0	0	0	0	0	0	0	0	0	0	0	0	0	0	0	0	0	0	2069	0	0	0	0	
124129	Clo2017_ID73	0	0	0	0	0	0	0	0	0	0	0	0	0	0	0	0	0	0	0	0	0	0	0	0	0	1686	0	0	0	0	
124210	Clo2019_ID154	0	0	0	0	0	0	0	0	0	0	0	0	0	0	0	0	0	0	0	0	0	0	0	0	0	628	0	0	0	0	
124262	Clo2019_ID20	0	0	0	0	0	0	0	0	0	0	0	0	0	0	0	0	0	0	0	0	0	0	0	0	0	581	0	0	0	0	
124536	Clo2019_ID506	0	0	0	0	0	0	0	0	0	0	0	0	0	0	0	0	0	0	0	0	0	0	0	0	0	4652	0	0	0	0	
123648	Clo2017_ID159	0	0	0	0	0	0	0	0	0	0	0	0	0	0	0	0	0	0	0	0	0	0	0	0	0	4397	0	0	0	0	
123649	Clo2017_ID15	0	0	0	0	0	0	0	0	0	0	0	0	0	0	0	0	0	0	0	0	0	0	0	0	0	1163	0	0	0	0	
123989	Clo2017_ID486	0	0	0	0	0	0	0	0	0	0	0	0	0	0	0	0	0	0	0	0	0	0	0	0	0	4085	0	0	0	0	
124392	Clo2019_ID363	0	0	0	0	0	0	0	0	0	0	0	0	0	0	0	0	0	0	0	0	0	0	0	0	0	778	0	0	0	0	
124198	Clo2019_ID143	0	0	0	0	0	0	0	0	0	0	0	0	0	0	0	0	0	0	0	0	0	0	0	0	0	464	0	0	0	0	
124522	Clo2019_ID493	0	0	0	0	0	0	0	0	0	0	0	0	0	0	0	0	0	0	0	0	0	0	0	0	0	1828	0	0	0	0	
124133	Clo2017_ID77	0	0	0	0	0	0	0	0	0	0	0	0	0	0	0	0	0	0	0	0	0	0	0	0	0	4052	0	0	0	0	
124356	Clo2019_ID326	0	0	0	0	0	0	0	0	0	0	0	0	0	0	0	0	0	0	0	0	0	0	0	0	0	415	0	0	0	0	
124059	Clo2017_ID54	0	0	0	0	0	0	0	0	0	0	0	0	0	0	0	0	0	0	0	0	0	0	0	0	0	1587	0	0	0	0	
123991	Clo2017_ID488	0	0	0	0	0	0	0	0	0	0	0	0	0	0	0	0	0	0	0	0	0	0	0	0	0	6854	0	0	0	0	
123624	Clo2017_ID12	0	0	0	0	0	0	0	0	0	0	0	0	0	0	0	0	0	0	0	0	0	0	0	0	0	245	0	0	0	0	
124655	Clo2019_ID88	0	0	0	0	0	0	0	0	0	0	0	0	0	0	0	0	0	0	0	0	0	0	0	0	0	4072	0	0	0	0	
123660	Clo2017_ID16	0	0	0	0	0	0	0	0	0	0	0	0	0	0	0	0	0	0	0	0	0	0	0	0	0	355	0	0	0	0	
124645	Clo2019_ID76	0	0	0	0	0	0	0	0	0	0	0	0	0	0	0	0	0	0	0	0	0	0	0	0	0	1866	0	0	0	0	
124321	Clo2019_ID280	0	0	0	0	0	0	0	0	0	0	0	0	0	0	0	0	0	0	0	0	0	0	0	0	0	988	0	0	0	0	
123634	Clo2017_ID13	0	0	0	0	0	0	0	0	0	0	0	0	0	0	0	0	0	0	0	0	0	0	0	0	0	4303	0	0	0	0	
123995	Clo2017_ID491	0	0	0	368	0	0	0	0	0	0	0	0	0	0	0	0	0	0	0	0	0	0	0	0	0	14678	0	0	0	0	
123763	Clo2017_ID267	0	0	0	0	0	0	0	0	0	0	0	0	0	0	0	0	0	0	0	0	0	0	0	0	0	3917	0	0	0	0	
123859	Clo2017_ID363	0	0	0	0	0	0	0	0	0	0	0	0	0	0	0	0	0	0	0	0	0	0	0	0	0	5410	0	0	0	0	
123873	Clo2017_ID376	191	0	0	0	0	0	0	0	0	0	0	0	0	0	0	0	0	0	0	0	0	0	0	0	0	6397	0	0	0	0	
123918	Clo2017_ID417	0	0	0	0	0	0	0	0	0	0	0	0	0	0	0	0	0	0	0	0	0	0	0	0	0	395	0	0	0	0	
124358	Clo2019_ID328	0	0	0	0	0	0	0	0	0	0	0	0	0	0	0	0	0	0	0	0	0	0	0	0	0	226	0	0	0	0	
123733	Clo2017_ID235	0	0	0	0	0	0	0	0	0	0	0	0	0	0	0	0	0	0	0	0	0	0	0	0	0	2681	0	0	0	0	
124117	Clo2017_ID62	0	0	0	0	0	0	0	0	0	0	0	0	0	0	0	0	0	0	0	0	0	0	0	0	0	2834	0	0	0	0	
124121	Clo2017_ID66	0	0	0	0	0	0	0	0	0	0	0	0	0	0	0	0	0	0	0	0	0	0	0	0	0	1488	0	0	0	0	
123676	Clo2017_ID184	0	0	0	0	0	0	0	0	0	0	0	0	0	0	0	0	0	0	0	0	0	0	0	0	0	3395	0	0	0	0	
123695	Clo2017_ID200	0	0	0	0	0	0	0	0	0	0	0	0	0	0	0	0	0	0	0	0	0	0	0	0	0	2472	0	0	0	0	
124616	Clo2019_ID582	0	0	0	0	0	0	0	0	0	0	0	0	0	0	0	0	0	0	0	0	0	0	0	0	0	4025	0	0	0	0	
123998	Clo2017_ID494	0	0	0	0	0	0	0	0	0	0	0	0	0	0	0	0	0	0	0	0	0	0	0	0	0	3153	0	0	0	0	
123644	Clo2017_ID155	0	0	0	0	0	0	0	0	0	0	0	0	0	0	0	0	0	0	0	0	0	0	0	0	0	3174	0	0	0	0	
123848	Clo2017_ID353	0	0	0	0	0	0	0	0	0	0	0	0	0	0	0	0	0	0	0	0	0	0	0	0	0	2743	0	0	0	0	
123919	Clo2017_ID418	0	0	0	0	0	0	0	0	0	0	0	0	0	0	0	0	0	0	0	0	0	0	0	0	0	567	0	0	0	0	
124116	Clo2017_ID61	0	0	0	0	0	0	0	0	0	0	0	0	0	0	0	0	0	0	0	0	0	0	0	0	0	1804	0	0	0	0	
124183	Clo2019_ID129	0	0	0	0	0	0	0	0	0	0	0	0	0	0	0	0	0	0	0	0	0	0	0	0	0	291	0	0	0	0	
124663	Clo2019_ID96	0	0	0	0	0	0	0	0	0	0	0	0	0	0	0	0	0	0	0	0	0	0	0	0	0	637	0	0	0	0	
124330	Clo2019_ID295	0	0	0	0	0	0	0	0	0	0	0	0	0	0	0	0	0	0	0	0	0	0	0	0	0	1796	0	0	0	0	
123979	Clo2017_ID475	0	0	0	0	0	0	0	0	0	0	0	0	0	0	0	0	0	0	0	0	0	0	0	0	0	3108	0	0	0	0	
123799	Clo2017_ID306	0	0	0	0	0	0	0	0	0	0	0	0	0	0	0	0	0	0	0	0	0	0	0	0	0	2406	0	0	0	0	
124428	Clo2019_ID402	0	0	0	0	0	0	0	0	0	0	0	0	0	0	0	0	0	0	0	0	0	0	0	0	0	285	0	0	0	0	
124310	Clo2019_ID261	0	0	0	0	0	0	0	0	0	0	0	0	0	0	0	0	0	301	0	0	0	0	0	0	0	4602	0	0	0	0	
124470	Clo2019_ID445	0	0	0	0	0	0	0	0	0	0	0	0	0	0	0	0	0	0	0	0	0	0	0	0	0	383	0	0	0	0	
124252	Clo2019_ID200	0	0	0	0	0	0	0	0	0	0	0	0	0	0	0	0	0	0	0	0	0	0	0	0	0	553	0	0	0	0	
123811	Clo2017_ID318	275	0	0	0	0	0	0	0	0	0	0	0	0	0	0	0	0	0	0	0	0	0	0	0	0	3403	0	0	0	0	
123871	Clo2017_ID374	0	0	0	0	0	0	197	0	0	0	0	0	0	0	0	0	0	0	0	0	0	0	0	0	0	2886	0	0	0	0	
123944	Clo2017_ID440	0	0	0	0	0	0	0	0	0	0	0	0	0	0	0	0	0	0	0	0	0	0	0	0	0	721	0	0	0	0	
123719	Clo2017_ID222	0	0	0	0	0	0	0	0	0	0	0	0	0	0	0	0	0	0	0	0	0	0	0	0	0	2206	0	0	0	0	
123665	Clo2017_ID174	0	0	0	0	0	0	0	0	0	0	0	0	0	0	0	0	0	0	0	0	0	0	0	0	0	1910	0	0	0	0	
123958	Clo2017_ID454	0	0	0	0	0	0	0	0	0	0	0	0	0	0	0	0	0	0	0	0	0	0	0	0	0	1214	0	0	0	0	
123643	Clo2017_ID154	0	0	0	0	0	0	0	216	0	0	0	0	0	0	0	0	0	0	0	0	0	0	0	0	0	2568	0	0	0	0	
124485	Clo2019_ID459	0	0	0	0	0	0	0	0	0	0	0	0	0	0	0	0	0	0	0	0	0	0	0	0	0	534	0	0	0	0	
124561	Clo2019_ID52	0	0	0	0	0	0	0	301	0	0	0	10	0	0	0	0	0	0	0	0	0	0	0	0	0	3210	0	0	0	0	
124657	Clo2019_ID90	0	0	0	0	0	0	0	0	0	0	0	0	0	0	0	0	0	0	0	0	0	0	0	0	0	1103	0	0	0	0	
124385	Clo2019_ID357	0	0	0	0	0	0	0	0	0	0	0	0	0	0	0	0	0	0	0	0	0	0	0	0	0	1792	0	0	0	0	
124193	Clo2019_ID139	0	0	0	0	0	0	0	0	0	0	0	0	0	0	0	0	0	0	0	0	0	0	0	0	0	309	0	0	0	0	
124096	Clo2017_ID583	0	0	0	0	0	0	352	0	0	0	0	0	0	0	0	0	0	0	0	0	0	0	0	0	0	3317	0	0	0	0	
124160	Clo2019_ID104	0	0	0	0	0	0	0	0	0	0	0	0	0	0	0	0	0	0	0	0	0	0	0	0	0	1193	0	0	0	0	
124517	Clo2019_ID489	0	0	0	218	0	0	0	0	0	0	0	0	0	0	0	0	0	0	0	0	0	0	0	0	0	2265	0	0	0	0	
124434	Clo2019_ID410	0	0	0	0	0	0	0	0	0	0	0	0	0	0	0	0	0	0	0	0	0	0	0	0	0	237	0	0	0	0	
123806	Clo2017_ID313	0	0	0	0	0	0	0	0	0	0	0	0	0	0	0	0	0	511	0	0	0	0	0	0	0	3894	0	0	0	0	
124429	Clo2019_ID403	0	0	0	0	0	0	0	0	0	0	0	0	0	0	0	0	0	0	0	0	0	0	0	0	0	1036	0	0	0	0	
123709	Clo2017_ID213	0	0	0	0	0	0	0	0	0	0	0	0	0	0	0	0	0	0	0	0	0	0	0	0	0	888	0	0	0	0	
124090	Clo2017_ID578	0	0	0	0	0	0	0	0	0	0	0	0	0	0	0	0	0	0	0	0	0	0	0	0	0	837	0	0	0	0	
123646	Clo2017_ID157	0	0	408	0	0	0	0	0	0	0	0	0	0	0	0	0	0	0	0	0	0	0	0	0	0	2803	0	0	0	0	
124487	Clo2019_ID460	0	0	0	0	0	0	0	0	0	0	0	0	0	0	0	0	0	0	0	0	0	0	0	0	0	1610	0	0	0	0	
123651	Clo2017_ID161	0	0	0	0	0	0	0	594	0	0	0	0	0	0	0	0	0	0	0	0	0	0	0	0	0	4580	0	0	0	0	
124235	Clo2019_ID184	0	0	0	0	0	0	0	345	0	0	0	0	0	0	0	0	0	0	0	0	0	0	0	0	0	2500	0	0	0	0	
123794	Clo2017_ID300	0	0	0	336	0	0	0	0	0	0	0	0	0	0	0	0	0	0	0	0	0	0	0	0	0	2369	0	0	0	0	
124327	Clo2019_ID291	0	0	0	0	0	0	0	0	0	0	0	0	0	0	0	0	0	0	0	0	0	0	0	0	0	806	0	0	0	0	
123920	Clo2017_ID419	0	0	0	0	0	0	0	0	0	0	0	0	0	0	0	0	0	0	0	0	0	0	0	0	0	373	0	0	0	0	
123783	Clo2017_ID291	0	698	0	0	0	0	0	0	0	0	0	0	0	0	0	0	0	0	0	0	0	0	0	0	0	4120	0	0	0	0	
124143	Clo2017_ID88	0	0	0	0	0	0	0	0	0	0	0	0	0	0	0	0	0	0	0	0	0	0	0	0	0	330	0	0	0	0	
123672	Clo2017_ID180	0	278	0	0	0	0	0	0	0	0	0	0	0	0	0	0	0	0	0	0	0	0	0	0	0	1602	0	0	0	0	
123631	Clo2017_ID137	0	0	0	0	0	0	0	0	0	0	0	0	0	0	0	0	0	0	0	0	0	0	0	0	0	640	0	0	0	0	
123781	Clo2017_ID28	0	0	0	0	0	0	0	0	0	0	0	0	0	0	0	0	0	0	0	0	0	0	0	0	0	215	0	0	0	0	
124380	Clo2019_ID351	0	0	0	0	0	0	0	0	0	0	0	0	0	0	0	187	0	0	0	0	0	0	0	0	0	981	0	0	0	0	
124134	Clo2017_ID78	0	0	281	0	0	0	0	0	0	0	0	0	0	0	0	0	0	0	0	0	0	0	0	0	0	1446	0	0	0	0	
124329	Clo2019_ID294	0	0	0	0	0	0	0	0	0	0	0	0	0	0	0	0	0	0	0	0	0	0	0	0	0	698	0	0	0	0	
123952	Clo2017_ID449	0	0	466	0	0	0	0	0	0	0	0	0	0	0	0	0	0	0	0	0	0	0	0	0	0	2312	0	0	0	0	
123776	Clo2017_ID285	662	0	0	0	0	0	0	0	0	0	0	0	0	0	0	0	0	0	0	0	0	0	0	0	0	3440	0	0	0	0	
123597	Clo2017_ID104	0	0	0	0	0	0	0	0	0	0	0	0	0	0	0	0	0	0	0	0	0	0	0	0	0	719	0	0	0	0	
124285	Clo2019_ID230	873	0	0	0	0	0	0	0	0	0	0	0	0	0	0	0	0	0	0	0	0	0	0	0	0	4467	0	0	0	0	
124006	Clo2017_ID500	0	0	0	0	361	0	0	0	0	0	0	0	0	0	0	0	0	0	0	0	0	0	0	0	0	1790	0	0	0	0	
124510	Clo2019_ID481	0	0	0	455	0	0	0	0	0	0	0	0	0	0	0	0	0	0	0	0	0	0	0	0	0	2176	0	0	0	0	
124481	Clo2019_ID455	0	0	0	0	0	172	0	0	0	0	0	0	0	0	0	0	0	0	0	0	0	0	0	0	0	798	0	0	0	0	
124641	Clo2019_ID72	0	0	0	0	0	0	0	615	0	0	0	0	0	0	0	0	0	0	0	0	0	0	0	0	0	2640	0	0	0	0	
124613	Clo2019_ID57	0	0	0	0	0	0	0	0	0	0	0	0	0	0	0	0	0	0	0	0	0	0	222	0	0	1030	0	0	0	0	
123869	Clo2017_ID372	0	0	0	0	0	0	0	0	718	0	0	0	0	0	0	0	0	0	0	0	0	0	0	0	0	2781	0	0	0	0	
124457	Clo2019_ID433	0	0	0	0	0	0	0	0	0	0	0	0	0	0	0	0	0	0	0	0	0	0	0	0	0	519	0	0	0	0	
124420	Clo2019_ID392	0	0	0	0	0	0	0	0	0	0	0	0	0	0	0	0	0	0	0	0	0	180	0	0	0	780	0	0	0	0	
123847	Clo2017_ID352	0	0	0	0	0	0	0	0	0	1036	0	0	0	0	0	0	0	0	0	0	0	0	0	0	0	4416	0	0	0	0	
123928	Clo2017_ID426	0	0	0	0	0	0	0	424	0	0	0	0	0	0	0	0	0	0	0	0	0	0	0	0	0	1627	0	0	0	0	
123827	Clo2017_ID334	762	0	0	0	0	0	0	0	0	0	0	0	0	0	0	0	0	0	0	0	0	0	0	0	0	2968	0	0	0	0	
124611	Clo2019_ID578	0	0	0	0	0	0	0	0	0	500	0	0	0	0	0	0	0	0	0	0	0	0	0	0	0	1988	0	0	0	0	
123788	Clo2017_ID296	0	0	0	0	584	0	0	0	0	0	0	0	0	0	0	0	0	0	0	0	0	0	0	0	0	2130	0	0	0	0	
123965	Clo2017_ID460	0	0	0	0	0	0	0	0	556	0	0	0	0	0	0	0	0	0	0	0	0	0	0	0	0	1875	0	0	0	0	
124322	Clo2019_ID281	0	0	0	464	0	0	0	0	0	0	0	0	0	0	0	0	0	0	0	0	0	0	0	0	0	1715	0	0	0	0	
124128	Clo2017_ID72	499	0	0	0	0	0	0	0	0	0	0	0	0	0	0	0	0	0	0	0	0	0	0	0	0	1733	0	0	0	0	
124098	Clo2017_ID585	0	0	0	0	0	0	636	0	0	0	0	0	0	0	0	0	0	0	0	0	0	0	0	0	0	2240	0	0	0	0	
123683	Clo2017_ID190	0	0	0	0	0	0	0	740	0	0	0	0	0	0	0	0	0	0	0	0	0	0	0	0	0	2624	0	0	0	0	
124244	Clo2019_ID192	0	0	486	0	0	0	0	0	0	0	0	0	0	0	0	0	0	0	0	0	0	0	0	0	0	1584	0	0	0	0	
124528	Clo2019_ID49	661	0	0	0	0	0	0	0	0	0	0	0	0	0	0	0	0	0	0	0	0	0	0	0	0	2141	0	0	0	0	
124354	Clo2019_ID324	0	0	0	0	0	0	0	0	0	0	0	0	0	0	0	0	0	0	0	0	0	0	0	0	0	338	0	0	0	0	
124418	Clo2019_ID390	0	0	0	0	0	0	0	0	0	0	0	0	0	0	0	0	0	0	0	0	0	0	0	0	0	455	0	0	0	0	
124093	Clo2017_ID580	0	0	0	0	350	0	0	0	0	0	0	0	0	0	0	0	0	0	0	0	0	0	0	0	0	1143	0	0	0	0	
124324	Clo2019_ID287	0	417	0	0	0	0	0	0	0	0	0	0	0	0	0	0	0	0	0	0	0	0	0	0	0	1253	0	0	0	0	
124394	Clo2019_ID365	0	0	0	0	0	0	0	0	0	0	0	0	0	0	0	0	0	0	0	0	0	0	0	0	0	332	0	0	0	0	
124152	Clo2017_ID96	0	0	0	0	0	0	0	0	0	0	0	0	0	0	0	0	0	0	0	0	0	0	0	0	0	299	0	0	0	0	
123765	Clo2017_ID269	0	0	0	0	0	0	0	0	0	1203	0	0	0	0	0	0	0	0	0	0	0	0	0	0	0	3806	0	0	0	0	
124184	Clo2019_ID12	0	0	0	0	0	0	0	276	0	0	0	0	0	0	0	0	0	0	0	0	0	0	0	0	0	717	0	0	0	0	
123667	Clo2017_ID176	640	0	0	0	0	0	0	0	0	0	0	0	0	0	0	0	0	0	0	0	0	0	0	0	0	1679	0	0	0	0	
124518	Clo2019_ID48	583	0	0	0	0	0	0	0	0	0	0	0	0	0	0	0	0	0	0	0	0	0	0	0	0	1546	0	0	0	0	
123778	Clo2017_ID287	0	648	0	0	0	0	0	0	0	0	0	0	0	0	0	0	0	0	0	0	0	0	0	0	0	1634	0	0	0	0	
124247	Clo2019_ID195	0	0	0	0	0	0	0	0	549	0	0	0	0	0	0	0	0	0	0	0	0	0	0	0	0	1363	0	0	0	0	
124506	Clo2019_ID478	0	0	0	0	0	0	0	0	0	0	0	0	0	0	0	0	0	0	349	0	0	0	0	0	0	860	0	0	0	0	
124303	Clo2019_ID249	0	0	2122	0	0	0	0	0	0	0	0	0	0	0	0	0	0	0	0	0	0	0	0	0	0	5777	0	0	0	0	
123861	Clo2017_ID365	0	0	1348	0	0	0	0	0	0	0	0	0	0	0	0	0	0	0	0	0	0	0	0	0	0	3429	0	0	0	0	
123738	Clo2017_ID23	0	0	0	0	0	0	0	0	0	0	0	0	0	0	0	0	0	0	0	0	0	0	0	0	0	235	0	0	0	0	
123836	Clo2017_ID342	0	0	1217	0	0	0	0	0	0	0	0	0	0	0	0	0	0	0	0	0	0	0	0	0	0	2902	0	0	0	0	
124203	Clo2019_ID148	371	0	0	0	0	0	0	0	0	0	0	0	0	0	0	0	0	0	0	0	0	0	0	0	0	843	0	0	0	0	
123913	Clo2017_ID412	0	0	0	0	0	0	0	0	0	0	0	0	2591	0	0	0	0	0	0	0	0	0	0	0	0	5789	0	0	0	0	
124617	Clo2019_ID583	0	1795	0	0	0	0	0	0	0	0	0	0	0	0	0	0	0	0	0	0	0	0	0	0	0	4104	0	0	0	0	
124408	Clo2019_ID37	0	0	0	0	0	668	0	0	0	0	0	0	0	0	0	0	0	0	0	0	0	0	0	0	0	1453	0	0	0	0	
123924	Clo2017_ID422	0	0	0	0	475	0	0	0	0	0	0	0	0	0	0	0	0	0	0	0	0	0	0	0	0	934	0	0	0	0	
124176	Clo2019_ID120	0	0	0	0	0	0	0	0	0	0	0	0	0	0	0	0	0	0	245	0	0	0	0	0	0	458	0	0	0	0	
124146	Clo2017_ID90	0	0	1706	0	0	0	0	0	0	0	0	0	0	0	0	0	0	0	0	0	0	0	0	0	0	3483	0	0	0	0	
123929	Clo2017_ID427	0	0	0	0	0	0	0	0	0	0	0	0	0	0	701	0	0	0	0	0	0	0	0	0	0	1415	0	0	0	0	
123784	Clo2017_ID292	0	0	0	0	0	0	1038	0	0	0	0	0	0	0	0	0	0	0	0	0	0	0	0	0	0	2146	0	0	0	0	
123756	Clo2017_ID25	0	0	0	0	0	0	0	0	0	0	0	0	0	0	0	0	0	0	0	0	545	0	0	0	0	1012	0	0	0	0	
123902	Clo2017_ID402	0	0	0	0	986	0	0	0	0	0	0	16	0	0	0	0	0	0	0	0	0	0	0	0	0	1915	0	0	0	0	
123890	Clo2017_ID391	0	0	0	953	0	0	0	0	0	0	0	0	0	0	0	0	0	0	0	0	0	0	0	0	0	1752	0	0	0	0	
123903	Clo2017_ID403	0	0	0	0	1593	0	0	0	0	0	0	0	0	0	0	0	0	0	0	0	0	0	0	0	0	3185	0	0	0	0	
124131	Clo2017_ID75	0	0	0	0	0	0	0	0	201	0	0	0	0	0	0	0	0	0	0	0	0	0	0	0	0	356	0	0	0	0	
124301	Clo2019_ID247	0	0	0	0	0	0	0	0	0	1848	0	0	0	0	0	0	0	0	0	0	0	0	0	0	0	3600	0	0	0	0	
123645	Clo2017_ID156	0	0	538	0	0	0	0	0	0	0	0	0	0	0	0	0	0	0	0	0	0	0	0	0	0	863	0	0	0	0	
123922	Clo2017_ID420	0	0	0	0	0	0	0	0	0	0	0	0	0	0	0	0	0	0	305	0	0	0	0	0	0	494	0	0	0	0	
124175	Clo2019_ID119	0	0	0	0	0	0	0	0	0	0	0	0	0	0	0	0	0	936	0	0	0	0	0	0	0	1360	0	0	0	0	
124646	Clo2019_ID78	0	0	0	0	0	0	0	0	0	0	0	0	0	0	554	0	0	0	0	0	0	0	0	0	0	806	0	0	0	0	
124186	Clo2019_ID132	0	0	0	0	0	0	0	0	0	0	0	0	0	0	0	0	0	0	0	0	0	0	0	0	0	219	0	0	0	0	
123757	Clo2017_ID261	0	0	0	0	0	0	0	0	1709	0	0	0	0	0	0	0	0	0	0	0	0	0	0	0	0	2626	0	0	0	0	
124496	Clo2019_ID469	0	0	0	314	0	0	0	0	0	0	0	0	0	0	0	0	0	0	0	0	0	0	0	0	0	485	0	0	0	0	
123963	Clo2017_ID459	1488	0	0	0	0	0	0	0	0	0	0	0	0	0	0	0	0	0	0	0	0	0	0	0	0	2276	0	0	0	0	
124359	Clo2019_ID329	1310	0	0	0	0	0	0	0	0	0	0	0	0	0	0	0	0	0	0	0	0	0	0	0	0	2002	0	0	0	0	
124365	Clo2019_ID334	0	0	0	0	0	0	0	0	0	0	0	0	0	0	0	719	0	0	0	0	0	0	0	0	0	1112	0	0	0	0	
123845	Clo2017_ID350	1458	0	0	0	0	0	0	0	0	0	0	0	0	0	0	0	0	0	0	0	0	0	0	0	0	2138	0	0	0	0	
124155	Clo2017_ID99	0	1237	0	0	0	0	0	0	0	0	0	0	0	0	0	0	0	0	0	0	0	0	0	0	0	1823	0	0	0	0	
124294	Clo2019_ID23	0	0	0	0	0	0	348	0	0	0	0	0	0	0	0	0	0	0	0	0	0	0	0	0	0	493	0	0	0	0	
123637	Clo2017_ID148	1307	0	0	0	0	0	0	0	0	0	0	0	0	0	0	0	0	0	0	0	0	0	0	0	0	1907	0	0	0	0	
124265	Clo2019_ID212	0	0	0	0	0	0	0	0	0	0	0	0	920	0	0	0	0	0	0	0	0	0	0	0	0	1259	0	0	0	0	
123912	Clo2017_ID411	0	1515	0	0	0	0	0	0	0	0	0	0	0	0	0	0	0	0	0	0	0	0	0	0	0	1873	0	0	0	0	
123930	Clo2017_ID428	0	0	0	1627	0	0	0	0	0	0	0	0	0	0	0	0	0	0	0	0	0	0	0	0	0	2080	0	0	0	0	
124619	Clo2019_ID585	0	2405	0	0	0	0	0	0	0	0	0	0	0	0	0	0	0	0	0	0	0	0	0	0	0	2880	0	0	0	0	
123689	Clo2017_ID196	0	0	1985	0	0	0	0	0	0	0	0	0	0	0	0	0	0	0	0	0	0	0	0	0	0	2217	0	0	0	0	
123891	Clo2017_ID392	0	0	0	1210	0	0	0	0	0	0	0	0	0	0	0	0	0	0	0	0	0	0	0	0	0	1489	0	0	0	0	
124416	Clo2019_ID388	0	0	0	0	0	0	447	0	0	0	0	0	0	0	0	0	0	0	0	0	0	0	0	0	0	504	0	0	0	0	
124227	Clo2019_ID173	860	0	0	0	0	0	0	0	0	0	0	0	0	0	0	0	0	0	0	0	0	0	0	0	0	0	0	0	0	0	
123822	Clo2017_ID32	423	0	0	0	0	0	0	0	0	0	0	0	0	0	0	0	0	0	0	0	0	0	0	0	0	0	0	0	0	0	
124174	Clo2019_ID118	1293	0	0	0	0	0	0	0	0	0	0	0	0	0	0	0	0	0	0	0	0	0	0	0	0	0	0	0	0	0	
124606	Clo2019_ID573	3374	0	0	0	0	0	0	0	0	0	0	0	0	0	0	0	0	0	0	0	0	0	0	0	0	0	0	0	0	0	
124241	Clo2019_ID18	739	0	0	0	0	0	0	0	0	0	0	0	0	0	0	0	0	0	0	0	0	0	0	0	0	0	0	0	0	0	
124607	Clo2019_ID574	3449	0	0	0	0	0	0	0	0	0	0	0	0	0	0	0	0	0	0	0	0	0	0	0	0	0	0	0	0	0	
124077	Clo2017_ID566	635	0	0	0	0	0	0	0	0	0	0	0	0	0	0	0	0	0	0	0	0	0	0	0	0	0	0	0	0	0	
124612	Clo2019_ID579	10041	0	0	0	0	0	0	0	0	0	0	0	0	0	0	0	0	0	0	0	0	0	0	0	0	0	0	0	0	0	
124595	Clo2019_ID562	3631	0	0	0	0	0	0	0	0	0	0	0	0	0	0	0	0	0	0	0	0	0	0	0	0	0	0	0	0	0	
124082	Clo2017_ID570	2953	0	0	0	0	0	0	0	0	0	0	0	0	0	0	0	0	0	0	0	0	0	0	0	0	0	0	0	0	0	
124011	Clo2017_ID505	1219	0	0	0	0	0	0	0	0	0	0	11	0	0	0	0	0	0	0	0	0	0	0	0	0	0	0	0	0	0	
124085	Clo2017_ID573	1578	0	0	0	0	0	0	0	0	0	0	0	0	0	0	0	0	0	0	0	0	0	0	0	0	0	0	0	0	0	
124594	Clo2019_ID561	3507	0	0	0	0	0	0	0	0	0	0	0	0	0	0	0	0	0	0	0	0	0	0	0	0	0	0	0	0	0	
124598	Clo2019_ID566	4263	0	0	0	0	0	0	0	0	0	0	0	0	0	0	0	0	0	0	0	0	0	0	0	0	0	0	0	0	0	
124369	Clo2019_ID339	1090	0	0	0	0	0	0	0	0	0	0	0	0	0	0	0	0	0	0	0	0	0	0	0	0	0	0	0	0	0	
124088	Clo2017_ID576	1723	0	0	0	0	0	0	0	0	0	0	0	0	0	0	0	0	0	0	0	0	0	0	0	0	0	0	0	0	0	
123810	Clo2017_ID317	6028	0	0	0	0	0	0	0	0	0	0	0	0	0	0	0	0	0	0	0	0	0	0	0	0	0	0	0	0	0	
124165	Clo2019_ID109	726	0	0	0	0	0	0	0	0	0	0	0	0	0	0	0	0	0	0	0	0	0	0	0	0	0	0	0	0	0	
123878	Clo2017_ID380	3312	0	0	0	0	0	0	0	0	0	0	0	0	0	0	0	0	0	0	0	0	0	0	0	0	0	0	0	0	0	
123830	Clo2017_ID337	5157	0	0	0	0	0	0	0	0	0	0	0	0	0	0	0	0	0	0	0	0	0	0	0	0	0	0	0	0	0	
123797	Clo2017_ID303	4433	0	0	0	0	0	0	0	0	0	0	0	0	0	0	0	0	0	0	0	0	0	0	0	0	0	0	0	0	0	
124072	Clo2017_ID561	2285	0	0	0	0	0	0	0	0	0	0	0	0	0	0	0	0	0	0	0	0	0	0	0	0	0	0	0	0	0	
124140	Clo2017_ID84	1877	0	0	0	0	0	0	0	0	0	0	0	0	0	0	0	0	0	0	0	0	0	0	0	0	0	0	0	0	0	
124398	Clo2019_ID36	783	0	0	0	0	0	0	0	0	0	0	0	0	0	0	0	0	0	0	0	0	0	0	0	0	0	0	0	0	0	
124052	Clo2017_ID542	1155	0	0	0	0	0	0	0	0	0	0	0	0	0	0	0	0	0	0	0	0	0	0	0	0	0	0	0	0	0	
124654	Clo2019_ID87	1744	0	0	0	0	0	0	0	0	0	0	0	0	0	0	0	0	0	0	0	0	0	0	0	0	0	0	0	0	0	
123852	Clo2017_ID357	6284	0	0	0	0	0	0	0	0	0	0	0	0	0	0	0	0	0	0	0	0	0	0	0	0	0	0	0	0	0	
124087	Clo2017_ID575	1454	0	0	0	0	0	0	0	0	0	0	21	0	0	0	0	0	0	0	0	0	0	0	0	0	0	0	0	0	0	
124142	Clo2017_ID87	2051	0	0	0	0	0	0	0	0	0	0	0	0	0	0	0	0	0	0	0	0	0	0	0	0	0	0	0	0	0	
124159	Clo2019_ID103	5217	0	0	0	0	0	0	0	0	0	0	0	0	0	0	0	0	0	0	0	0	0	0	0	0	0	0	0	0	0	
124073	Clo2017_ID562	1550	0	0	0	0	0	0	0	0	0	0	0	0	0	0	0	0	0	0	0	0	0	0	0	0	0	0	0	0	0	
124044	Clo2017_ID535	1179	0	0	0	0	0	0	0	0	0	0	0	0	0	0	0	0	0	0	0	0	0	0	0	0	0	0	0	0	0	
124453	Clo2019_ID42	5053	0	0	0	0	0	0	0	0	0	0	0	0	0	0	0	0	0	0	0	0	0	0	0	0	0	0	0	0	0	
124653	Clo2019_ID86	2063	0	0	0	0	0	0	0	0	0	0	0	0	0	0	0	0	0	0	0	0	0	0	0	0	0	0	0	0	0	
124042	Clo2017_ID533	1163	0	0	0	0	0	0	0	0	0	0	0	0	0	0	0	0	0	0	0	0	0	0	0	0	0	0	0	0	0	
123692	Clo2017_ID199	4897	0	0	0	0	0	0	0	0	0	0	0	0	0	0	0	0	0	0	0	0	0	0	0	0	0	0	0	0	0	
124583	Clo2019_ID551	3426	0	0	0	0	0	0	0	0	0	0	0	0	0	0	0	0	0	0	0	0	0	0	0	0	0	0	0	0	0	
123611	Clo2017_ID118	2846	0	0	0	0	0	0	0	0	0	0	0	0	0	0	0	0	0	0	0	0	0	0	0	0	0	0	0	0	0	
124652	Clo2019_ID85	645	0	0	0	0	0	0	0	0	0	0	0	0	0	0	0	0	0	0	0	0	0	0	0	0	0	0	0	0	0	
124147	Clo2017_ID91	1469	0	0	0	0	0	0	0	0	0	0	21	0	0	0	0	0	0	0	0	0	0	0	0	0	0	0	0	0	0	
124298	Clo2019_ID244	19530	0	0	0	0	0	0	0	0	0	0	0	0	0	0	0	0	0	0	0	0	0	0	0	0	0	0	0	0	0	
124658	Clo2019_ID91	1153	0	0	0	0	0	0	0	0	0	0	0	0	0	0	0	0	0	0	0	0	0	0	0	0	0	0	0	0	0	
124031	Clo2017_ID523	1557	0	0	0	0	0	0	0	0	0	0	0	0	0	0	0	0	0	0	0	0	0	0	0	0	0	0	0	0	0	
124249	Clo2019_ID197	572	0	0	0	0	0	0	0	0	0	0	0	0	0	0	0	0	0	0	0	0	0	0	0	0	0	0	0	0	0	
123872	Clo2017_ID375	5835	0	0	0	0	0	0	0	0	0	0	0	0	0	0	0	0	0	0	0	0	0	0	0	0	0	0	0	0	0	
124562	Clo2019_ID530	5295	0	0	0	0	0	0	0	0	0	0	0	0	0	0	0	0	0	0	0	0	0	0	0	0	0	0	0	0	0	
124297	Clo2019_ID243	4716	0	0	0	0	0	0	0	0	0	0	0	0	0	0	0	0	0	0	0	0	0	0	0	0	0	0	0	0	0	
124507	Clo2019_ID479	7080	0	0	0	0	0	0	0	0	0	0	0	0	0	0	0	0	0	0	0	0	0	0	0	0	0	0	0	0	0	
123804	Clo2017_ID311	3548	0	0	0	0	0	0	0	0	0	0	0	0	0	0	0	0	0	0	0	0	0	0	0	0	0	0	0	0	0	
123875	Clo2017_ID378	2851	0	0	0	0	0	0	0	0	0	0	0	0	0	0	0	0	0	0	0	0	0	0	0	0	0	0	0	0	0	
124036	Clo2017_ID528	1948	0	0	0	0	0	0	0	0	0	0	0	0	0	0	0	0	0	0	0	0	0	0	0	0	0	0	0	0	0	
124585	Clo2019_ID553	2056	0	0	0	0	0	0	0	0	0	0	0	0	0	0	0	0	0	0	0	0	0	0	0	0	0	0	0	0	0	
124032	Clo2017_ID524	1262	0	0	0	0	0	0	0	0	0	0	0	0	0	0	0	0	0	0	0	0	0	0	0	0	0	0	0	0	0	
123608	Clo2017_ID115	1436	0	0	0	0	0	0	0	0	0	0	0	0	0	0	0	0	0	0	0	0	0	0	0	0	0	0	0	0	0	
124372	Clo2019_ID341	1658	0	0	0	0	0	0	0	0	0	0	0	0	0	0	0	0	0	0	0	0	0	0	0	0	0	0	0	0	0	
124288	Clo2019_ID233	3835	0	0	0	0	0	0	0	0	0	0	0	0	0	0	0	0	0	0	0	0	0	0	0	0	0	0	0	0	0	
124171	Clo2019_ID115	1856	0	0	0	0	0	0	0	0	0	0	0	0	0	0	0	0	0	0	0	0	0	0	0	0	0	0	0	0	0	
124304	Clo2019_ID251	5603	0	0	0	0	0	0	0	0	0	0	0	0	0	0	0	0	0	0	0	0	0	0	0	0	0	0	0	0	0	
123972	Clo2017_ID468	3382	0	0	0	0	0	0	0	0	0	0	0	0	0	0	0	0	0	0	0	0	0	0	0	0	0	0	0	0	0	
124035	Clo2017_ID527	1078	0	0	0	0	0	0	0	0	0	0	0	0	0	0	0	0	0	0	0	0	0	0	0	0	0	0	0	0	0	
123707	Clo2017_ID211	1184	0	0	0	0	0	0	0	0	0	0	0	0	0	0	0	0	0	0	0	0	0	0	0	0	0	0	0	0	0	
123703	Clo2017_ID208	1410	0	0	0	0	0	0	0	0	0	0	19	0	0	0	0	0	0	0	0	0	0	0	0	0	0	0	0	0	0	
124034	Clo2017_ID526	867	0	0	0	0	0	0	0	0	0	0	0	0	0	0	0	0	0	0	0	0	0	0	0	0	0	0	0	0	0	
123983	Clo2017_ID479	5170	0	0	0	0	0	0	0	0	0	0	0	0	0	0	0	0	0	0	0	0	0	0	0	0	0	0	0	0	0	
123723	Clo2017_ID226	4147	0	0	0	0	0	0	0	0	0	0	0	0	0	0	0	0	0	0	0	0	0	0	0	0	0	0	0	0	0	
124577	Clo2019_ID545	4335	0	0	0	0	0	0	0	0	0	0	0	0	0	0	0	0	0	0	0	0	0	0	0	0	0	0	0	0	0	
124656	Clo2019_ID89	2068	0	0	0	0	0	0	0	0	0	0	0	0	0	0	0	0	0	0	0	0	0	0	0	0	0	0	0	0	0	
123706	Clo2017_ID210	871	0	0	0	0	0	0	0	0	0	0	0	0	0	0	0	0	0	0	0	0	0	0	0	0	0	0	0	0	0	
123682	Clo2017_ID18	1410	0	0	0	0	0	0	0	0	0	0	0	0	0	0	0	0	0	0	0	0	0	0	0	31	0	0	0	0	0	
124055	Clo2017_ID545	546	0	0	0	0	0	0	0	0	0	0	0	0	0	0	0	0	0	0	0	0	0	0	0	0	0	0	0	0	0	
124149	Clo2017_ID93	675	0	0	0	0	0	0	0	0	0	0	0	0	0	0	0	0	0	0	0	0	0	0	0	0	0	0	0	0	0	
123835	Clo2017_ID341	4545	0	0	0	0	0	0	0	0	0	0	0	0	0	0	0	0	0	0	0	0	0	0	0	0	313	0	0	0	0	
124004	Clo2017_ID49	946	0	0	0	0	0	0	0	0	0	0	0	0	0	0	0	0	0	0	0	0	0	0	0	0	0	0	0	0	0	
124352	Clo2019_ID322	2694	0	0	0	0	0	0	0	0	0	0	0	0	0	0	0	0	0	0	0	0	0	0	0	0	0	0	0	0	0	
124350	Clo2019_ID320	899	0	0	0	0	0	0	0	0	0	0	0	0	0	0	0	0	0	0	0	0	0	0	0	0	0	0	0	0	0	
123808	Clo2017_ID315	4738	0	0	0	0	0	0	0	0	0	0	0	0	0	0	0	0	0	0	0	0	0	0	0	0	773	0	0	0	0	
123727	Clo2017_ID22	890	0	0	0	0	0	0	0	0	0	0	0	0	0	0	0	0	0	0	0	0	0	0	0	0	0	0	0	0	0	
124332	Clo2019_ID299	1362	0	0	0	0	0	0	0	0	0	0	0	0	0	0	0	0	0	0	0	0	0	0	0	0	0	0	0	0	0	
124163	Clo2019_ID107	312	0	0	0	0	0	0	0	0	0	0	0	0	0	0	0	0	0	0	0	0	0	0	0	0	0	0	0	0	0	
124137	Clo2017_ID80	628	0	0	0	0	0	0	0	0	0	0	0	0	0	0	0	0	0	0	0	0	0	0	0	0	0	0	0	0	0	
123623	Clo2017_ID129	1308	0	0	0	0	0	0	0	0	0	0	0	0	0	0	0	0	0	0	0	0	0	0	0	0	514	0	0	0	0	
124012	Clo2017_ID506	1443	0	0	0	0	0	0	0	0	0	0	0	0	0	0	0	0	0	0	0	0	0	0	0	0	739	0	0	0	0	
124343	Clo2019_ID313	406	0	0	0	0	0	0	0	0	0	0	0	0	0	0	0	0	0	0	0	0	0	0	0	0	0	256	0	0	0	
123959	Clo2017_ID455	1156	0	0	0	0	0	0	0	0	0	0	0	0	0	0	0	0	0	0	0	0	0	0	0	0	458	0	0	0	0	
123821	Clo2017_ID329	3659	0	0	0	0	0	0	0	0	0	0	0	0	0	0	0	0	0	0	0	0	0	0	0	0	2456	0	0	0	0	
123816	Clo2017_ID323	4871	0	0	0	0	0	0	0	0	0	0	0	0	0	0	0	0	0	0	0	0	0	0	0	0	3494	0	0	0	0	
123789	Clo2017_ID297	1603	0	0	0	0	0	0	0	0	0	0	0	0	0	0	0	0	0	0	0	0	0	0	0	0	1571	0	0	0	0	
124584	Clo2019_ID552	0	7831	0	0	0	0	0	0	0	0	0	0	0	0	0	0	0	0	0	0	0	0	0	0	0	0	0	0	0	0	
123990	Clo2017_ID487	0	3669	0	0	0	0	0	0	0	0	0	0	0	0	0	0	0	0	0	0	0	0	0	0	0	0	0	0	0	0	
124067	Clo2017_ID557	0	2521	0	0	0	0	0	0	0	0	0	0	0	0	0	0	0	0	0	0	0	0	0	0	0	0	0	0	0	0	
123786	Clo2017_ID294	0	2727	0	0	0	0	0	0	0	0	0	0	0	0	0	0	0	0	0	0	0	0	0	0	0	0	0	0	0	0	
124649	Clo2019_ID81	0	435	0	0	0	0	0	0	0	0	0	0	0	0	0	0	0	0	0	0	0	0	0	0	0	0	0	0	0	0	
124424	Clo2019_ID396	0	245	0	0	0	0	0	0	0	0	0	0	0	0	0	0	0	0	0	0	0	0	0	0	0	0	0	0	0	0	
124545	Clo2019_ID514	0	3158	0	0	0	0	0	0	0	0	0	0	0	0	0	0	0	0	0	0	0	0	0	0	0	0	0	0	0	0	
124586	Clo2019_ID554	0	3576	0	0	0	0	0	0	0	0	0	0	0	0	0	0	0	0	0	0	0	0	0	0	0	0	0	0	0	0	
123699	Clo2017_ID204	0	1651	0	0	0	0	0	0	0	0	0	0	0	0	0	0	0	0	0	0	0	0	0	0	0	0	0	0	0	0	
124575	Clo2019_ID542	0	5318	0	0	0	0	0	0	0	0	0	0	0	0	0	0	0	0	0	0	0	0	0	0	0	0	0	0	0	0	
124001	Clo2017_ID497	0	1179	0	0	0	0	0	0	0	0	0	0	0	0	0	0	0	0	0	0	0	0	0	0	0	0	0	0	0	0	
124447	Clo2019_ID424	0	298	0	0	0	0	0	0	0	0	0	0	0	0	0	0	0	0	0	0	0	0	0	0	0	0	0	0	0	0	
124578	Clo2019_ID546	0	3120	0	0	0	0	0	0	0	0	0	0	0	0	0	0	0	0	0	0	0	0	0	0	0	0	0	0	0	0	
124224	Clo2019_ID170	0	242	0	0	0	0	0	0	0	0	0	0	0	0	0	0	0	0	0	0	0	0	0	0	0	0	0	0	0	0	
124340	Clo2019_ID309	0	16613	0	0	0	0	0	0	0	0	0	0	0	0	0	0	0	0	0	0	0	0	0	0	0	0	0	0	0	0	
124589	Clo2019_ID557	0	3483	0	0	0	0	0	0	0	0	0	0	0	0	0	0	0	0	0	0	0	0	0	0	0	0	0	0	0	0	
124003	Clo2017_ID499	0	1900	0	0	0	0	0	0	0	0	0	0	0	0	0	0	0	0	0	0	0	0	0	0	0	0	0	0	0	0	
124515	Clo2019_ID487	0	2578	0	0	0	0	0	0	0	0	0	0	0	0	0	0	0	0	0	0	0	0	0	0	0	0	0	0	0	0	
124582	Clo2019_ID550	0	3844	0	0	0	0	0	0	0	0	0	0	0	0	0	0	0	0	0	0	0	0	0	0	0	0	0	0	0	0	
124544	Clo2019_ID513	0	3456	0	0	0	0	0	0	0	0	0	0	0	0	0	0	0	0	0	0	0	0	0	0	0	0	0	0	0	0	
124546	Clo2019_ID515	0	2332	0	0	0	0	0	0	0	0	0	0	0	0	0	0	0	0	0	0	0	0	0	0	0	0	0	0	0	0	
124574	Clo2019_ID541	0	10427	0	0	0	0	0	0	0	0	0	0	0	0	0	0	0	0	0	0	0	0	0	0	0	0	0	0	0	0	
124550	Clo2019_ID519	0	5409	0	0	0	0	0	0	0	0	0	0	0	0	0	0	0	0	0	0	0	0	0	0	0	0	0	0	0	0	
124537	Clo2019_ID507	0	4404	0	0	0	0	0	0	0	0	0	0	0	0	0	0	0	0	0	0	0	0	0	0	0	0	0	0	0	0	
124014	Clo2017_ID508	0	3438	0	0	0	0	0	0	0	0	0	0	0	0	0	0	0	0	0	0	0	0	0	0	0	0	0	0	0	0	
124587	Clo2019_ID555	0	8435	0	0	0	0	0	0	0	0	0	0	0	0	0	0	0	0	0	0	0	0	0	0	0	0	0	0	0	0	
124621	Clo2019_ID588	0	5831	0	0	0	0	0	0	0	0	0	0	0	0	0	0	0	0	0	0	0	0	0	0	0	0	0	0	0	0	
123870	Clo2017_ID373	0	4021	0	0	0	0	0	0	0	0	0	0	0	0	0	0	0	0	0	0	0	0	0	0	0	0	0	0	0	0	
123668	Clo2017_ID177	0	3787	0	0	0	0	0	0	0	0	0	0	0	0	0	0	0	0	0	0	0	0	0	0	0	0	0	0	0	0	
123996	Clo2017_ID492	0	33592	0	0	0	0	0	0	0	0	0	0	0	0	0	0	0	0	0	0	0	0	0	0	0	0	0	0	0	0	
124580	Clo2019_ID549	0	3385	0	0	0	0	0	0	0	0	0	0	0	0	0	0	0	0	0	0	0	0	0	0	0	0	0	0	0	0	
123884	Clo2017_ID386	0	1500	0	0	0	0	0	0	0	0	0	0	0	0	0	0	0	0	0	0	0	0	0	0	0	0	0	0	0	0	
124626	Clo2019_ID592	0	3908	0	0	0	0	0	0	0	0	0	0	0	0	0	0	0	0	0	0	0	0	0	0	0	0	0	0	0	0	
123936	Clo2017_ID433	0	2379	0	0	0	0	0	0	0	0	0	0	0	0	0	0	0	0	0	0	0	0	0	0	0	0	0	0	0	0	
124368	Clo2019_ID338	0	14684	0	0	0	0	0	0	0	0	0	0	0	0	0	0	0	0	0	0	0	0	0	0	0	0	0	0	0	0	
124605	Clo2019_ID572	0	4241	0	0	0	0	0	0	0	0	0	0	0	0	0	0	0	0	0	0	0	0	0	0	0	0	0	0	0	0	
123876	Clo2017_ID379	0	2513	0	0	0	0	0	0	0	0	0	26	0	0	0	0	0	0	0	0	0	0	0	0	0	0	0	0	0	0	
123885	Clo2017_ID387	0	3097	0	0	0	0	0	0	0	0	0	0	0	0	0	0	0	0	0	0	0	0	0	0	0	0	0	0	0	0	
124538	Clo2019_ID508	0	3678	0	0	0	0	0	0	0	0	0	0	0	0	0	0	0	0	0	0	0	0	0	0	0	0	0	0	0	0	
124521	Clo2019_ID492	0	3418	0	0	0	0	0	0	0	0	0	0	0	0	0	0	0	0	0	0	0	0	0	0	0	0	0	0	0	0	
124551	Clo2019_ID520	0	4434	0	0	0	0	0	0	0	0	0	0	0	0	0	0	0	0	0	0	0	0	0	0	0	0	0	0	0	0	
123686	Clo2017_ID193	0	3942	0	0	0	0	0	0	0	0	0	0	0	0	0	0	0	0	0	0	0	0	0	0	0	0	0	0	0	0	
124138	Clo2017_ID81	0	649	0	0	0	0	0	0	0	0	0	0	0	0	0	0	0	0	0	0	0	0	0	0	0	0	0	0	0	0	
124513	Clo2019_ID485	0	2315	0	0	0	0	0	0	0	0	0	0	0	0	0	0	0	0	0	0	0	0	0	0	0	0	0	0	0	0	
123754	Clo2017_ID256	0	3463	0	0	0	0	0	0	0	0	0	0	0	0	0	0	0	0	0	0	0	0	0	0	0	0	0	0	0	0	
124604	Clo2019_ID571	0	3059	0	0	0	0	0	0	0	0	0	0	0	0	0	0	0	0	0	0	0	0	0	0	0	0	0	0	0	0	
124647	Clo2019_ID79	0	1896	0	0	0	0	0	0	0	0	0	0	0	0	0	0	0	0	0	0	0	0	0	0	0	0	0	0	0	0	
123775	Clo2017_ID284	0	3473	0	0	0	0	0	0	0	0	0	0	0	0	0	0	0	0	0	0	0	0	0	0	0	0	0	0	0	0	
124608	Clo2019_ID575	0	3455	0	0	0	0	0	0	0	0	0	0	0	0	0	0	0	0	0	0	0	0	0	0	0	0	0	0	0	0	
124319	Clo2019_ID272	0	7470	0	0	0	0	0	0	0	0	0	0	0	0	0	0	0	0	0	0	0	0	0	0	0	0	0	0	0	0	
123802	Clo2017_ID309	0	2854	0	0	0	0	0	0	0	0	0	0	0	0	0	0	0	0	0	0	0	0	0	0	0	0	0	0	0	0	
124648	Clo2019_ID80	0	1576	0	0	0	0	0	0	0	0	0	0	0	0	0	0	0	0	0	0	0	0	0	0	0	0	0	0	0	0	
123832	Clo2017_ID339	0	6286	0	0	0	0	0	0	0	0	0	0	0	0	0	0	0	0	0	0	0	0	0	0	0	0	0	0	0	0	
123831	Clo2017_ID338	0	3059	0	0	0	0	0	0	0	0	0	0	0	0	0	0	0	0	0	0	0	0	0	0	0	0	0	0	0	0	
124591	Clo2019_ID559	0	1643	0	0	0	0	0	0	0	0	0	0	0	0	0	0	0	0	0	0	0	0	0	0	0	0	0	0	0	0	
123985	Clo2017_ID482	0	3242	0	0	0	0	0	0	0	0	0	0	0	0	0	0	0	0	0	0	0	0	0	0	0	0	0	0	0	0	
124007	Clo2017_ID501	0	2998	0	0	0	0	0	0	0	0	0	0	0	0	0	0	0	0	0	0	0	0	0	0	0	0	0	0	0	0	
123610	Clo2017_ID117	0	2541	0	0	0	0	0	0	0	0	0	0	0	0	0	0	0	0	0	0	0	0	0	0	0	0	0	0	0	0	
123986	Clo2017_ID483	0	2212	0	0	0	0	0	0	0	0	0	0	0	0	0	0	0	0	0	0	0	0	0	0	0	0	0	0	0	0	
123817	Clo2017_ID325	0	4903	0	0	0	0	0	0	0	0	0	0	0	0	0	0	0	0	0	0	0	0	0	0	0	0	0	0	0	0	
124170	Clo2019_ID114	0	2106	0	0	0	0	0	0	0	0	0	0	0	0	0	0	0	0	0	0	0	0	0	0	0	0	0	0	0	0	
124531	Clo2019_ID501	0	1691	0	0	0	0	0	0	0	0	0	0	0	0	0	0	0	0	0	0	0	0	0	0	0	0	0	0	0	0	
123661	Clo2017_ID170	0	2372	0	0	0	0	0	0	0	0	0	0	0	0	0	0	0	0	0	0	0	0	0	0	0	0	0	0	0	0	
124511	Clo2019_ID482	0	2673	0	0	0	0	0	0	0	0	0	0	0	0	0	0	0	0	0	0	0	0	0	0	0	0	0	0	0	0	
124533	Clo2019_ID503	0	856	0	0	0	0	0	0	0	0	0	0	0	0	0	0	0	0	0	0	0	0	0	0	0	0	0	0	0	0	
123753	Clo2017_ID255	0	2454	0	0	0	0	0	0	0	0	0	0	0	0	0	0	0	0	0	0	0	0	0	0	0	0	0	0	0	0	
123607	Clo2017_ID114	0	783	0	0	0	0	0	0	0	0	0	0	0	0	0	0	0	0	0	0	0	0	0	0	0	0	0	0	0	0	
124512	Clo2019_ID483	0	2085	0	0	0	0	0	0	0	0	0	0	0	0	0	0	0	0	0	0	0	0	0	0	0	0	0	0	0	0	
124202	Clo2019_ID147	0	1195	0	0	0	0	0	0	0	0	0	0	0	0	0	0	0	0	0	0	0	0	0	0	0	0	0	0	0	0	
123702	Clo2017_ID207	0	1672	0	0	0	0	0	0	0	0	0	0	0	0	0	0	0	0	0	0	0	0	0	0	0	0	0	0	0	0	
123605	Clo2017_ID112	0	737	0	0	0	0	0	0	0	0	0	0	0	0	0	0	0	0	0	0	0	0	0	0	0	0	0	0	0	0	
124250	Clo2019_ID199	0	1839	0	0	0	0	0	0	0	0	0	0	0	0	0	0	0	0	0	0	0	0	0	0	0	0	0	0	0	0	
124308	Clo2019_ID255	0	4757	0	0	0	0	0	0	0	0	0	0	0	0	0	0	0	0	0	0	0	0	0	0	0	0	0	0	0	0	
123620	Clo2017_ID126	0	2564	0	0	0	0	0	0	0	0	0	29	0	0	0	0	0	0	0	0	0	0	0	0	0	0	0	0	0	0	
123939	Clo2017_ID436	0	2086	0	0	0	0	0	0	0	0	0	0	0	0	0	0	0	0	0	0	0	0	0	0	0	262	0	0	0	0	
124357	Clo2019_ID327	0	705	0	0	0	0	0	0	0	0	0	0	0	0	0	0	0	0	0	0	0	0	0	0	0	0	0	0	0	0	
124499	Clo2019_ID471	0	630	0	0	0	0	0	0	0	0	0	0	0	0	0	0	0	0	0	0	0	0	0	0	0	0	0	0	0	0	
123976	Clo2017_ID471	0	1264	0	0	0	0	0	0	0	0	0	0	0	0	0	0	0	0	0	0	0	0	0	0	0	0	0	0	0	0	
123819	Clo2017_ID327	0	4489	0	0	0	0	0	0	0	0	0	0	0	0	0	0	0	0	0	0	0	0	0	0	0	0	0	0	0	0	
123708	Clo2017_ID212	0	615	0	0	0	0	0	0	0	0	0	0	0	0	0	0	0	0	0	0	0	0	0	0	0	206	0	0	0	0	
123957	Clo2017_ID453	0	3534	0	0	0	0	0	0	0	0	0	0	0	0	0	0	0	0	0	0	0	0	0	0	0	1187	0	0	0	0	
123905	Clo2017_ID405	0	1445	0	0	0	0	0	0	0	0	0	0	0	0	0	0	0	0	0	0	0	0	0	0	0	501	0	0	0	0	
123820	Clo2017_ID328	0	4518	0	0	0	0	0	0	0	0	0	0	0	0	0	0	0	0	0	0	0	0	0	0	0	3647	0	0	0	0	
123773	Clo2017_ID282	0	1532	0	0	0	0	0	0	0	0	0	0	0	0	0	0	0	0	0	0	0	0	0	0	0	1644	0	0	0	0	
124464	Clo2019_ID43	0	717	0	0	0	0	0	0	0	0	0	0	0	0	0	0	0	0	0	0	0	0	0	0	0	775	0	0	0	0	
124245	Clo2019_ID193	0	0	830	0	0	0	0	0	0	0	0	0	0	0	0	0	0	0	0	0	0	0	0	0	0	0	0	0	0	0	
124569	Clo2019_ID537	0	0	3585	0	0	0	0	0	0	0	0	0	0	0	0	0	0	0	0	0	0	0	0	0	0	0	0	0	0	0	
124015	Clo2017_ID509	0	0	1279	0	0	0	0	0	0	0	0	0	0	0	0	0	0	0	0	0	0	0	0	0	0	0	0	0	0	0	
124489	Clo2019_ID462	0	0	245	0	0	0	0	0	0	0	0	0	0	0	0	0	0	0	0	0	0	0	0	0	0	0	0	0	0	0	
123744	Clo2017_ID246	0	0	1850	0	0	0	0	0	0	0	0	0	0	0	0	0	0	0	0	0	0	0	0	0	0	0	0	0	0	0	
124568	Clo2019_ID536	0	0	3148	0	0	0	0	0	0	0	0	0	0	0	0	0	0	0	0	0	0	0	0	0	0	0	0	0	0	0	
124534	Clo2019_ID504	0	0	1652	0	0	0	0	0	0	0	0	0	0	0	0	0	0	0	0	0	0	0	0	0	0	0	0	0	0	0	
124150	Clo2017_ID94	0	0	721	0	0	0	0	0	0	0	0	0	0	0	0	0	0	0	0	0	0	0	0	0	0	0	0	0	0	0	
124223	Clo2019_ID169	0	0	1177	0	0	0	0	0	0	0	0	0	0	0	0	0	0	0	0	0	0	0	0	0	0	0	0	0	0	0	
124130	Clo2017_ID74	0	0	2684	0	0	0	0	0	0	0	0	0	0	0	0	0	0	0	0	0	0	0	0	0	0	0	0	0	0	0	
124112	Clo2017_ID59	0	0	501	0	0	0	0	0	0	0	0	0	0	0	0	0	0	0	0	0	0	0	0	0	0	0	0	0	0	0	
123666	Clo2017_ID175	0	0	2509	0	0	0	0	0	0	0	0	0	0	0	0	0	0	0	0	0	0	0	0	0	0	0	0	0	0	0	
124010	Clo2017_ID504	0	0	4290	0	0	0	0	0	0	0	0	0	0	0	0	0	0	0	0	0	0	0	0	0	0	0	0	0	0	0	
124295	Clo2019_ID241	0	0	6321	0	0	0	0	0	0	0	0	0	0	0	0	0	0	0	0	0	0	0	0	0	0	0	0	0	0	0	
123740	Clo2017_ID242	0	0	3531	0	0	0	0	0	0	0	0	0	0	0	0	0	0	0	0	0	0	0	0	0	0	0	0	0	0	0	
124570	Clo2019_ID538	0	0	3367	0	0	0	0	0	0	0	0	0	0	0	0	0	0	0	0	0	0	0	0	0	0	0	0	0	0	0	
124539	Clo2019_ID509	0	0	2882	0	0	0	0	0	0	0	0	0	0	0	0	0	0	0	0	0	0	0	0	0	0	0	0	0	0	0	
124275	Clo2019_ID221	0	0	3713	0	0	0	0	0	0	0	0	0	0	0	0	0	0	0	0	0	0	0	0	0	0	0	0	0	0	0	
123764	Clo2017_ID268	0	0	1833	0	0	0	0	0	0	0	0	0	0	0	0	0	0	0	0	0	0	0	0	0	0	0	0	0	0	0	
123898	Clo2017_ID399	0	0	5996	0	0	0	0	0	0	0	0	0	0	0	0	0	0	0	0	0	0	0	0	0	0	0	0	0	0	0	
124664	Clo2019_ID97	0	0	652	0	0	0	0	0	0	0	0	0	0	0	0	0	0	0	0	0	0	0	0	0	0	0	0	0	0	0	
123762	Clo2017_ID266	0	0	3319	0	0	0	0	0	0	0	0	0	0	0	0	0	0	0	0	0	0	0	0	0	0	0	0	0	0	0	
124286	Clo2019_ID231	0	0	7410	0	0	0	0	0	0	0	0	0	0	0	0	0	0	0	0	0	0	0	0	0	0	0	0	0	0	0	
123725	Clo2017_ID228	0	0	1792	0	0	0	0	0	0	0	0	0	0	0	0	0	0	0	0	0	0	0	0	0	0	0	0	0	0	0	
123656	Clo2017_ID166	0	0	3160	0	0	0	0	0	0	0	0	0	0	0	0	0	0	0	0	0	0	0	0	0	0	0	0	0	0	0	
123685	Clo2017_ID192	0	0	1779	0	0	0	0	0	0	0	0	0	0	0	0	0	0	0	0	0	0	0	0	0	0	0	0	0	0	0	
124282	Clo2019_ID228	0	0	930	0	0	0	0	0	0	0	0	0	0	0	0	0	0	0	0	0	0	0	0	0	0	0	0	0	0	0	
124289	Clo2019_ID234	0	0	4463	0	0	0	0	0	0	0	0	0	0	0	0	0	0	0	0	0	0	0	0	0	0	0	0	0	0	0	
124068	Clo2017_ID558	0	0	1781	0	0	0	0	0	0	0	0	0	0	0	0	0	0	0	0	0	0	0	0	0	0	0	0	0	0	0	
123658	Clo2017_ID168	0	0	1404	0	0	0	0	0	0	0	0	0	0	0	0	0	0	0	0	0	0	0	0	0	0	0	0	0	0	0	
123735	Clo2017_ID237	0	0	2129	0	0	0	0	0	0	0	0	0	0	0	0	0	0	0	0	0	0	0	0	0	0	0	0	0	0	0	
124442	Clo2019_ID41	0	0	2109	0	0	0	0	0	0	0	0	0	0	0	0	0	0	0	0	0	0	0	0	0	0	0	0	0	0	0	
124291	Clo2019_ID237	0	0	5277	0	0	0	0	0	0	0	0	0	0	0	0	0	0	0	0	0	0	0	0	0	0	0	0	0	0	0	
123732	Clo2017_ID234	0	0	2544	0	0	0	0	0	0	0	0	0	0	0	0	0	0	0	0	0	0	0	0	0	0	0	0	0	0	0	
124132	Clo2017_ID76	0	0	3463	0	0	0	0	0	0	0	0	0	0	0	0	0	0	0	0	0	0	0	0	0	0	0	0	0	0	0	
124666	Clo2019_ID9	0	0	670	0	0	0	0	0	0	0	0	0	0	0	0	0	0	0	0	0	0	0	0	0	0	0	0	0	0	0	
123767	Clo2017_ID270	0	0	5754	0	0	0	0	0	0	0	0	0	0	0	0	0	0	0	0	0	0	0	0	0	0	0	0	0	0	0	
124246	Clo2019_ID194	0	0	1129	0	0	0	0	0	0	0	0	0	0	0	0	0	0	0	0	0	0	0	0	0	0	0	0	0	0	0	
123752	Clo2017_ID254	0	0	2687	0	0	0	0	0	0	0	0	0	0	0	0	0	0	0	0	0	0	0	0	0	0	0	0	0	0	0	
123629	Clo2017_ID135	0	0	1389	0	0	0	0	0	0	0	0	0	0	0	0	0	0	0	0	0	0	0	0	0	0	0	0	0	0	0	
124566	Clo2019_ID534	0	0	3613	0	0	0	0	0	0	0	0	0	0	0	0	0	0	0	0	0	0	0	0	0	0	0	0	0	0	0	
123729	Clo2017_ID231	0	0	1463	0	0	0	0	0	0	0	0	0	0	0	0	0	0	0	0	0	0	0	0	0	0	0	0	0	0	0	
124158	Clo2019_ID102	0	0	1067	0	0	0	0	0	0	0	0	0	0	0	0	0	0	0	0	0	0	0	0	0	0	0	0	0	0	0	
123652	Clo2017_ID162	0	0	2007	0	0	0	0	0	0	0	0	0	0	0	0	0	0	0	0	0	0	0	0	0	0	0	0	0	0	0	
123734	Clo2017_ID236	0	0	1131	0	0	0	0	0	0	0	0	0	0	0	0	0	0	0	0	0	0	0	0	0	0	0	0	0	0	0	
123977	Clo2017_ID472	0	0	2676	0	0	0	0	0	0	0	0	0	0	0	0	0	0	0	0	0	0	0	0	0	0	0	0	0	0	0	
124337	Clo2019_ID303	0	0	2229	0	0	0	0	0	0	0	0	33	0	0	0	0	0	0	0	0	0	0	0	0	0	0	0	0	0	0	
124222	Clo2019_ID168	0	0	766	0	0	0	0	0	0	0	0	0	0	0	0	0	0	0	0	0	0	0	0	0	0	0	0	0	0	0	
124564	Clo2019_ID532	0	0	3360	0	0	0	0	0	0	0	0	0	0	0	0	0	0	0	0	0	0	0	0	0	0	0	0	0	0	0	
124221	Clo2019_ID166	0	0	743	0	0	0	0	0	0	0	0	0	0	0	0	0	0	0	0	0	0	0	0	0	0	0	0	0	0	0	
123795	Clo2017_ID301	0	0	4519	0	0	0	0	0	0	0	0	105	0	0	0	0	0	0	0	0	0	0	0	0	0	0	0	0	0	0	
124290	Clo2019_ID236	0	0	6258	0	0	0	0	0	0	0	0	0	0	0	0	0	0	0	0	0	0	0	0	0	0	0	0	0	0	0	
124497	Clo2019_ID46	0	0	1118	0	0	0	0	0	0	0	0	0	0	0	0	0	0	0	0	0	0	0	0	0	0	0	0	0	0	0	
124307	Clo2019_ID254	0	0	2401	0	0	0	0	0	0	0	0	0	0	0	0	0	0	0	0	0	0	0	0	0	0	0	0	201	0	0	
123726	Clo2017_ID229	0	0	2987	0	0	0	0	0	0	0	0	0	0	0	0	0	0	0	0	0	0	0	0	0	0	827	0	0	0	0	
124283	Clo2019_ID229	0	0	1040	0	0	0	0	0	0	0	0	0	0	0	0	0	0	0	0	0	0	0	0	0	0	245	0	0	0	0	
123787	Clo2017_ID295	0	0	1678	0	0	0	0	0	0	0	0	0	0	0	0	0	0	0	0	0	0	0	0	0	0	534	0	0	0	0	
123941	Clo2017_ID438	0	0	1012	0	0	0	0	0	0	0	0	0	0	0	0	0	0	0	0	0	0	0	0	0	0	302	0	0	0	0	
123688	Clo2017_ID195	0	0	2397	0	0	0	0	0	0	0	0	0	0	0	0	0	0	0	0	0	0	0	0	0	0	1627	0	0	0	0	
124449	Clo2019_ID426	0	0	1678	0	0	0	0	0	0	0	0	0	0	0	0	0	0	0	0	0	0	0	0	0	0	1383	0	0	0	0	
124048	Clo2017_ID539	0	0	0	363	0	0	0	0	0	0	0	0	0	0	0	0	0	0	0	0	0	0	0	0	0	0	0	0	0	0	
123966	Clo2017_ID461	0	0	0	5025	0	0	0	0	0	0	0	0	0	0	0	0	0	0	0	0	0	0	0	0	0	0	0	0	0	0	
124281	Clo2019_ID227	0	0	0	2129	0	0	0	0	0	0	0	0	0	0	0	0	0	0	0	0	0	0	0	0	0	0	0	0	0	0	
123935	Clo2017_ID432	0	0	0	1869	0	0	0	0	0	0	0	0	0	0	0	0	0	0	0	0	0	0	0	0	0	0	0	0	0	0	
124588	Clo2019_ID556	0	0	0	3969	0	0	0	0	0	0	0	0	0	0	0	0	0	0	0	0	0	0	0	0	0	0	0	0	0	0	
124094	Clo2017_ID581	0	0	0	2095	0	0	0	0	0	0	0	0	0	0	0	0	0	0	0	0	0	0	0	0	0	0	0	0	0	0	
124529	Clo2019_ID4	0	0	0	2064	0	0	0	0	0	0	0	0	0	0	0	0	0	0	0	0	0	0	0	0	0	0	0	0	0	0	
124110	Clo2017_ID598	0	0	0	2442	0	0	0	0	0	0	0	0	0	0	0	0	0	0	0	0	0	0	0	0	0	0	0	0	0	0	
124415	Clo2019_ID387	0	0	0	692	0	0	0	0	0	0	0	0	0	0	0	0	0	0	0	0	0	0	0	0	0	0	0	0	0	0	
124632	Clo2019_ID598	0	0	0	3425	0	0	0	0	0	0	0	0	0	0	0	0	0	0	0	0	0	0	0	0	0	0	0	0	0	0	
123883	Clo2017_ID385	0	0	0	4552	0	0	0	0	0	0	0	0	0	0	0	0	0	0	0	0	0	0	0	0	0	0	0	0	0	0	
124106	Clo2017_ID594	0	0	0	3781	0	0	0	0	0	0	0	0	0	0	0	0	0	0	0	0	0	0	0	0	0	0	0	0	0	0	
123731	Clo2017_ID233	0	0	0	2024	0	0	0	0	0	0	0	0	0	0	0	0	0	0	0	0	0	0	0	0	0	0	0	0	0	0	
124493	Clo2019_ID466	0	0	0	654	0	0	0	0	0	0	0	0	0	0	0	0	0	0	0	0	0	0	0	0	0	0	0	0	0	0	
123841	Clo2017_ID347	0	0	0	4676	0	0	0	0	0	0	0	0	0	0	0	0	0	0	0	0	0	0	0	0	0	0	0	0	0	0	
124600	Clo2019_ID568	0	0	0	5058	0	0	0	0	0	0	0	0	0	0	0	0	0	0	0	0	0	0	0	0	0	0	0	0	0	0	
124602	Clo2019_ID56	0	0	0	738	0	0	0	0	0	0	0	0	0	0	0	0	0	0	0	0	0	0	0	0	0	0	0	0	0	0	
123882	Clo2017_ID384	0	0	0	1903	0	0	0	0	0	0	0	0	0	0	0	0	0	0	0	0	0	0	0	0	0	0	0	0	0	0	
124162	Clo2019_ID106	0	0	0	1494	0	0	0	0	0	0	0	0	0	0	0	0	0	0	0	0	0	0	0	0	0	0	0	0	0	0	
123933	Clo2017_ID430	0	0	0	3448	0	0	0	0	0	0	0	0	0	0	0	0	0	0	0	0	0	0	0	0	0	0	0	0	0	0	
123750	Clo2017_ID252	0	0	0	3605	0	0	0	0	0	0	0	0	0	0	0	0	0	0	0	0	0	0	0	0	0	0	0	0	0	0	
123926	Clo2017_ID424	0	0	0	632	0	0	0	0	0	0	0	0	0	0	0	0	0	0	0	0	0	0	0	0	0	0	0	0	0	0	
124412	Clo2019_ID384	0	0	0	589	0	0	0	0	0	0	0	0	0	0	0	0	0	0	0	0	0	0	0	0	0	0	0	0	0	0	
124519	Clo2019_ID490	0	0	0	1222	0	0	0	0	0	0	0	0	0	0	0	0	0	0	0	0	0	0	0	0	0	0	0	0	0	0	
124628	Clo2019_ID594	0	0	0	22511	0	0	0	0	0	0	0	0	0	0	0	0	0	0	0	0	0	0	0	0	0	0	0	0	0	0	
124571	Clo2019_ID539	0	0	0	1770	0	0	0	0	0	0	0	0	0	0	0	0	0	0	0	0	0	0	0	0	0	0	0	0	0	0	
123934	Clo2017_ID431	0	0	0	823	0	0	0	0	0	0	0	0	0	0	0	0	0	0	0	0	0	0	0	0	0	0	0	0	0	0	
124620	Clo2019_ID587	0	0	0	5426	0	0	0	0	0	0	0	0	0	0	0	0	0	0	0	0	0	0	0	0	0	0	0	0	0	0	
123825	Clo2017_ID332	0	0	0	4442	0	0	0	0	0	0	0	0	0	0	0	0	0	0	0	0	0	0	0	0	0	0	0	0	0	0	
124363	Clo2019_ID332	0	0	0	1949	0	0	0	0	0	0	0	0	0	0	0	0	0	0	0	0	0	0	0	0	0	0	0	0	0	0	
123772	Clo2017_ID281	0	0	0	1993	0	0	0	0	0	0	0	0	0	0	0	0	0	0	0	0	0	0	0	0	0	0	0	0	0	0	
123942	Clo2017_ID439	0	0	0	1571	0	0	0	0	0	0	0	0	0	0	0	0	0	0	0	0	0	0	0	0	0	0	0	0	0	0	
123698	Clo2017_ID203	0	0	0	3608	0	0	0	0	0	0	0	0	0	0	0	0	0	0	0	0	0	0	0	0	0	0	0	0	0	0	
124066	Clo2017_ID556	0	0	0	1378	0	0	0	0	0	0	0	0	0	0	0	0	0	0	0	0	0	0	0	0	0	0	0	0	0	0	
123994	Clo2017_ID490	0	0	0	34607	0	0	0	0	0	0	0	0	0	0	0	0	0	0	0	0	0	0	0	0	0	0	0	0	0	0	
124057	Clo2017_ID548	0	0	0	2173	0	0	0	0	0	0	0	0	0	0	0	0	0	0	0	0	0	0	0	0	0	0	0	0	0	0	
124107	Clo2017_ID595	0	0	0	1411	0	0	0	0	0	0	0	0	0	0	0	0	0	0	0	0	0	0	0	0	0	0	0	0	0	0	
123992	Clo2017_ID489	0	0	0	2367	0	0	0	0	0	0	0	0	0	0	0	0	0	0	0	0	0	0	0	0	0	0	0	0	0	0	
123971	Clo2017_ID467	0	0	0	1378	0	0	0	0	0	0	0	19	0	0	0	0	0	0	0	0	0	0	0	0	0	0	0	0	0	0	
124494	Clo2019_ID467	0	0	0	2241	0	0	0	0	0	0	0	0	0	0	0	0	0	0	0	0	0	0	0	0	0	0	0	0	0	0	
123777	Clo2017_ID286	0	0	0	3816	0	0	0	0	0	0	0	0	0	0	0	0	0	0	0	0	0	0	0	0	0	0	0	0	0	0	
124305	Clo2019_ID252	0	0	0	16067	0	0	0	0	0	0	0	0	0	0	0	0	0	0	0	0	0	0	0	0	0	0	0	0	0	0	
124454	Clo2019_ID430	0	0	0	320	0	0	0	0	0	0	0	0	0	0	0	0	0	0	0	0	0	0	0	0	0	0	0	0	0	0	
123782	Clo2017_ID290	0	0	0	2173	0	0	0	0	0	0	0	0	0	0	0	0	0	0	0	0	0	0	0	0	0	744	0	0	0	0	
124504	Clo2019_ID476	0	0	0	539	0	0	0	0	0	0	0	0	0	0	0	0	0	0	0	0	0	0	0	0	0	449	0	0	0	0	
123600	Clo2017_ID107	0	0	0	479	0	0	0	0	0	0	0	0	0	0	0	0	0	0	0	0	0	0	0	0	0	381	0	0	0	0	
123973	Clo2017_ID469	0	0	0	1840	0	0	0	0	0	0	0	0	0	0	0	0	0	0	0	0	0	0	0	0	0	1650	0	0	0	0	
123980	Clo2017_ID476	0	0	0	1852	0	0	0	0	0	0	0	0	0	0	0	0	0	0	0	0	0	0	0	0	0	2013	0	0	0	0	
123984	Clo2017_ID481	0	0	0	662	0	0	0	0	0	0	0	0	0	0	0	0	0	0	0	0	0	0	0	0	0	812	0	0	0	0	
124020	Clo2017_ID513	0	0	0	0	414	0	0	0	0	0	0	0	0	0	0	0	0	0	0	0	0	0	0	0	0	0	0	0	0	0	
124026	Clo2017_ID519	0	0	0	0	472	0	0	0	0	0	0	0	0	0	0	0	0	0	0	0	0	0	0	0	0	0	0	0	0	0	
124127	Clo2017_ID71	0	0	0	0	573	0	0	0	0	0	0	0	0	0	0	0	0	0	0	0	0	0	0	0	0	0	0	0	0	0	
124084	Clo2017_ID572	0	0	0	0	3341	0	0	0	0	0	0	0	0	0	0	0	0	0	0	0	0	0	0	0	0	0	0	0	0	0	
124083	Clo2017_ID571	0	0	0	0	1377	0	0	0	0	0	0	0	0	0	0	0	0	0	0	0	0	0	0	0	0	0	0	0	0	0	
124024	Clo2017_ID517	0	0	0	0	188	0	0	0	0	0	0	0	0	0	0	0	0	0	0	0	0	0	0	0	0	0	0	0	0	0	
124100	Clo2017_ID588	0	0	0	0	1115	0	0	0	0	0	0	0	0	0	0	0	0	0	0	0	0	0	0	0	0	0	0	0	0	0	
124422	Clo2019_ID394	0	0	0	0	399	0	0	0	0	0	0	0	0	0	0	0	0	0	0	0	0	0	0	0	0	0	0	0	0	0	
124579	Clo2019_ID548	0	0	0	0	4251	0	0	0	0	0	0	0	0	0	0	0	0	0	0	0	0	0	0	0	0	0	0	0	0	0	
124013	Clo2017_ID507	0	0	0	0	2666	0	0	0	0	0	0	0	0	0	0	0	0	0	0	0	0	0	0	0	0	0	0	0	0	0	
123982	Clo2017_ID478	0	0	0	0	2668	0	0	0	0	0	0	0	0	0	0	0	0	0	0	0	0	0	0	0	0	0	0	0	0	0	
124053	Clo2017_ID543	0	0	0	0	805	0	0	0	0	0	0	0	0	0	0	0	0	0	0	0	0	0	0	0	0	0	0	0	0	0	
124064	Clo2017_ID554	0	0	0	0	931	0	0	0	0	0	0	0	0	0	0	0	0	0	0	0	0	0	0	0	0	0	0	0	0	0	
124058	Clo2017_ID549	0	0	0	0	1953	0	0	0	0	0	0	0	0	0	0	0	0	0	0	0	0	0	0	0	0	0	0	0	0	0	
123997	Clo2017_ID493	0	0	0	0	1386	0	0	0	0	0	0	0	0	0	0	0	0	0	0	0	0	0	0	0	0	0	0	0	0	0	
124038	Clo2017_ID52	0	0	0	0	4303	0	0	0	0	0	0	0	0	0	0	0	0	0	0	0	0	0	0	0	0	0	0	0	0	0	
124525	Clo2019_ID497	0	0	0	0	1288	0	0	0	0	0	0	0	0	0	0	0	0	0	0	0	0	0	0	0	0	0	0	0	0	0	
124099	Clo2017_ID587	0	0	0	0	1960	0	0	0	0	0	0	0	0	0	0	0	0	0	0	0	0	0	0	0	0	0	0	0	0	0	
124312	Clo2019_ID263	0	0	0	0	249	0	0	0	0	0	0	0	0	0	0	0	0	0	0	0	0	0	0	0	0	0	0	0	0	0	
124079	Clo2017_ID568	0	0	0	0	1709	0	0	0	0	0	0	0	0	0	0	0	0	0	0	0	0	0	0	0	0	0	0	0	0	0	
124025	Clo2017_ID518	0	0	0	0	597	0	0	0	0	0	0	0	0	0	0	0	0	0	0	0	0	0	0	0	0	0	0	0	0	0	
124049	Clo2017_ID53	0	0	0	0	1869	0	0	0	0	0	0	0	0	0	0	0	0	0	0	0	0	0	0	0	0	0	0	0	0	0	
124640	Clo2019_ID71	0	0	0	0	774	0	0	0	0	0	0	0	0	0	0	0	0	0	0	0	0	0	0	0	0	0	0	0	0	0	
123678	Clo2017_ID186	0	0	0	0	1770	0	0	0	0	0	0	0	0	0	0	0	0	0	0	0	0	0	0	0	0	0	0	0	0	0	
124573	Clo2019_ID540	0	0	0	0	3990	0	0	0	0	0	0	0	0	0	0	0	0	0	0	0	0	0	0	0	0	0	0	0	0	0	
124103	Clo2017_ID591	0	0	0	0	1186	0	0	0	0	0	0	0	0	0	0	0	0	0	0	0	0	0	0	0	0	0	0	0	0	0	
124237	Clo2019_ID186	0	0	0	0	2900	0	0	0	0	0	0	0	0	0	0	0	0	0	0	0	0	0	0	0	0	0	0	0	0	0	
124263	Clo2019_ID210	0	0	0	0	423	0	0	0	0	0	0	0	0	0	0	0	0	0	0	0	0	0	0	0	0	0	0	0	0	0	
123601	Clo2017_ID108	0	0	0	0	428	0	0	0	0	0	0	0	0	0	0	0	0	0	0	0	0	0	0	0	0	0	0	0	0	0	
124371	Clo2019_ID340	0	0	0	0	260	0	0	0	0	0	0	0	0	0	0	0	0	0	0	0	0	0	0	0	0	0	0	0	0	0	
123834	Clo2017_ID340	0	0	0	0	6515	0	0	0	0	0	0	0	0	0	0	0	0	0	0	0	0	0	0	0	0	0	0	0	0	0	
124017	Clo2017_ID510	0	0	0	0	4087	0	0	0	0	0	0	0	0	0	0	0	0	0	0	0	0	0	0	0	0	0	0	0	0	0	
123716	Clo2017_ID21	0	0	0	0	896	0	0	0	0	0	0	0	0	0	0	0	0	0	0	0	0	0	0	0	0	0	0	0	0	0	
124541	Clo2019_ID510	0	0	0	0	2777	0	0	0	0	0	0	0	0	0	0	0	0	0	0	0	0	0	0	0	0	0	0	0	0	0	
123937	Clo2017_ID434	0	0	0	0	926	0	0	0	0	0	0	0	0	0	0	0	0	0	0	0	0	0	0	0	0	0	0	0	0	0	
123894	Clo2017_ID395	0	0	0	0	2972	0	0	0	0	0	0	0	0	0	0	0	0	0	0	0	0	0	0	0	0	0	0	0	0	0	
123677	Clo2017_ID185	0	0	0	0	3896	0	0	0	0	0	0	0	0	0	0	0	0	0	0	0	0	0	0	0	0	0	0	0	0	0	
124091	Clo2017_ID579	0	0	0	0	2128	0	0	0	0	0	0	0	0	0	0	0	0	0	0	0	0	0	0	0	0	0	0	0	0	0	
124549	Clo2019_ID518	0	0	0	0	4759	0	0	0	0	0	0	0	0	0	0	0	0	0	0	0	0	0	0	0	0	0	0	0	0	0	
124050	Clo2017_ID540	0	0	0	0	981	0	0	0	0	0	0	0	0	0	0	0	0	0	0	0	0	0	0	0	0	0	0	0	0	0	
124236	Clo2019_ID185	0	0	0	0	669	0	0	0	0	0	0	0	0	0	0	0	0	0	0	0	0	0	0	0	0	0	0	0	0	0	
123720	Clo2017_ID223	0	0	0	0	2240	0	0	0	0	0	0	0	0	0	0	0	0	0	0	0	0	0	0	0	0	0	0	0	0	0	
123974	Clo2017_ID46	0	0	0	0	859	0	0	0	0	0	0	16	0	0	0	0	0	0	0	0	0	0	0	0	0	0	0	0	0	0	
123911	Clo2017_ID410	0	0	0	0	3876	0	0	0	0	0	0	0	0	0	0	0	0	0	0	0	0	0	0	0	0	954	0	0	0	0	
124161	Clo2019_ID105	0	0	0	0	443	0	0	0	0	0	0	0	0	0	0	0	0	0	0	0	0	0	0	0	0	393	0	0	0	0	
124229	Clo2019_ID177	0	0	0	0	491	0	0	0	0	0	0	0	0	0	0	0	0	0	0	0	0	0	0	0	0	446	0	0	0	0	
124019	Clo2017_ID512	0	0	0	0	0	833	0	0	0	0	0	0	0	0	0	0	0	0	0	0	0	0	0	0	0	0	0	0	0	0	
124086	Clo2017_ID574	0	0	0	0	0	823	0	0	0	0	0	0	0	0	0	0	0	0	0	0	0	0	0	0	0	0	0	0	0	0	
123768	Clo2017_ID271	0	0	0	0	0	6087	0	0	0	0	0	0	0	0	0	0	0	0	0	0	0	0	0	0	0	0	0	0	0	0	
124535	Clo2019_ID505	0	0	0	0	0	8818	0	0	0	0	0	0	0	0	0	0	0	0	0	0	0	0	0	0	0	0	0	0	0	0	
124609	Clo2019_ID576	0	0	0	0	0	15006	0	0	0	0	0	0	0	0	0	0	0	0	0	0	0	0	0	0	0	0	0	0	0	0	
124348	Clo2019_ID319	0	0	0	0	0	5280	0	0	0	0	0	0	0	0	0	0	0	0	0	0	0	0	0	0	0	0	0	0	0	0	
123812	Clo2017_ID319	0	0	0	0	0	5164	0	0	0	0	0	0	0	0	0	0	0	0	0	0	0	0	0	0	0	0	0	0	0	0	
124567	Clo2019_ID535	0	0	0	0	0	2847	0	0	0	0	0	0	0	0	0	0	0	0	0	0	0	0	0	0	0	0	0	0	0	0	
123897	Clo2017_ID398	0	0	0	0	0	1442	0	0	0	0	0	0	0	0	0	0	0	0	0	0	0	0	0	0	0	0	0	0	0	0	
123943	Clo2017_ID43	0	0	0	0	0	360	0	0	0	0	0	0	0	0	0	0	0	0	0	0	0	0	0	0	0	0	0	0	0	0	
123746	Clo2017_ID248	0	0	0	0	0	2724	0	0	0	0	0	0	0	0	0	0	0	0	0	0	0	0	0	0	0	0	0	0	0	0	
123662	Clo2017_ID171	0	0	0	0	0	3088	0	0	0	0	0	0	0	0	0	0	0	0	0	0	0	0	0	0	0	0	0	0	0	0	
124033	Clo2017_ID525	0	0	0	0	0	1029	0	0	0	0	0	0	0	0	0	0	0	0	0	0	0	0	0	0	0	0	0	0	0	0	
124023	Clo2017_ID516	0	0	0	0	0	664	0	0	0	0	0	0	0	0	0	0	0	0	0	0	0	0	0	0	0	0	0	0	0	0	
124543	Clo2019_ID512	0	0	0	0	0	2645	0	0	0	0	0	0	0	0	0	0	0	0	0	0	0	0	0	0	0	0	0	0	0	0	
124554	Clo2019_ID523	0	0	0	0	0	2995	0	0	0	0	0	0	0	0	0	0	0	0	0	0	0	0	0	0	0	0	0	0	0	0	
124555	Clo2019_ID524	0	0	0	0	0	3032	0	0	0	0	0	0	0	0	0	0	0	0	0	0	0	0	0	0	0	0	0	0	0	0	
123701	Clo2017_ID206	0	0	0	0	0	1689	0	0	0	0	0	0	0	0	0	0	0	0	0	0	0	0	0	0	0	0	0	0	0	0	
124565	Clo2019_ID533	0	0	0	0	0	2833	0	0	0	0	0	0	0	0	0	0	0	0	0	0	0	0	0	0	0	0	0	0	0	0	
123609	Clo2017_ID116	0	0	0	0	0	3376	0	0	0	0	0	0	0	0	0	0	0	0	0	0	0	0	0	0	0	0	0	0	0	0	
123721	Clo2017_ID224	0	0	0	0	0	1764	0	0	0	0	0	0	0	0	0	0	0	0	0	0	0	0	0	0	0	0	0	0	0	0	
124172	Clo2019_ID116	0	0	0	0	0	5906	0	0	0	0	0	0	0	0	0	0	0	0	0	0	0	0	0	0	0	0	0	0	0	0	
124475	Clo2019_ID44	0	0	0	0	0	1079	0	0	0	0	0	0	0	0	0	0	0	0	0	0	0	0	0	0	0	0	0	0	0	0	
124225	Clo2019_ID171	0	0	0	0	0	1095	0	0	0	0	0	0	0	0	0	0	0	0	0	0	0	0	0	0	0	0	0	0	0	0	
123694	Clo2017_ID1	0	0	0	0	0	296	0	0	0	0	0	0	0	0	0	0	0	0	0	0	0	0	0	0	0	0	0	0	0	0	
124334	Clo2019_ID2	0	0	0	0	0	2363	0	0	0	0	0	0	0	0	0	0	0	0	0	0	0	0	0	0	0	0	0	0	0	0	
123687	Clo2017_ID194	0	0	0	0	0	7250	0	0	0	0	0	0	0	0	0	0	0	0	0	0	0	0	0	0	0	0	0	0	0	0	
124557	Clo2019_ID526	0	0	0	0	0	3358	0	0	0	0	0	0	0	0	0	0	0	0	0	0	0	0	0	0	0	0	0	0	0	0	
124278	Clo2019_ID224	0	0	0	0	0	4211	0	0	0	0	0	0	0	0	0	0	0	0	0	0	0	0	0	0	0	0	0	0	0	0	
124559	Clo2019_ID528	0	0	0	0	0	3339	0	0	0	0	0	0	0	0	0	0	0	0	0	0	0	0	0	0	0	0	0	0	0	0	
123999	Clo2017_ID495	0	0	0	0	0	3310	0	0	0	0	0	0	0	0	0	0	0	0	0	0	0	0	0	0	0	0	0	0	0	0	
124558	Clo2019_ID527	0	0	0	0	0	1826	0	0	0	0	0	0	0	0	0	0	0	0	0	0	0	0	0	0	0	0	0	0	0	0	
124195	Clo2019_ID140	0	0	0	0	0	1152	0	0	0	0	0	0	0	0	0	0	0	0	0	0	0	0	0	0	0	0	0	0	0	0	
123714	Clo2017_ID218	0	0	0	0	0	4552	0	0	0	0	0	0	0	0	0	0	0	0	0	0	0	0	0	0	0	0	0	0	0	0	
124592	Clo2019_ID55	0	0	0	0	0	1009	0	0	0	0	0	15	0	0	0	0	0	0	0	0	0	0	0	0	0	0	0	0	0	0	
123791	Clo2017_ID299	0	0	0	0	0	3008	0	0	0	0	0	0	0	0	0	0	0	0	0	0	0	0	0	0	0	0	0	0	0	0	
123953	Clo2017_ID44	0	0	0	0	0	1199	0	0	0	0	0	0	0	0	0	0	0	0	0	0	0	0	0	0	0	0	0	0	0	0	
124296	Clo2019_ID242	0	0	0	0	0	2275	0	0	0	0	0	0	0	0	0	0	0	0	0	0	0	0	0	0	0	0	0	0	0	0	
124362	Clo2019_ID331	0	0	0	0	0	5190	0	0	0	0	0	0	0	0	0	0	0	0	0	0	0	0	0	0	0	1671	0	0	0	0	
124659	Clo2019_ID92	0	0	0	0	0	1289	0	0	0	0	0	0	0	0	0	0	0	0	0	0	0	0	0	0	0	561	0	0	0	0	
123824	Clo2017_ID331	0	0	0	0	0	4888	0	0	0	0	0	0	0	0	0	0	0	0	0	0	0	0	0	0	0	2655	0	0	0	0	
124018	Clo2017_ID511	0	0	0	0	0	350	0	0	0	0	0	0	0	0	0	0	0	0	0	0	0	0	0	0	0	269	0	0	0	0	
124542	Clo2019_ID511	0	0	0	0	0	2142	0	0	0	0	0	0	0	0	0	0	0	0	0	0	0	0	0	0	0	1642	0	0	0	0	
124407	Clo2019_ID379	0	0	0	0	0	0	207	0	0	0	0	0	0	0	0	0	0	0	0	0	0	0	0	0	0	0	0	0	0	0	
124062	Clo2017_ID552	0	0	0	0	0	0	3385	0	0	0	0	0	0	0	0	0	0	0	0	0	0	0	0	0	0	0	0	0	0	0	
124313	Clo2019_ID264	0	0	0	0	0	0	330	0	0	0	0	0	0	0	0	0	0	0	0	0	0	0	0	0	0	0	0	0	0	0	
124022	Clo2017_ID515	0	0	0	0	0	0	327	0	0	0	0	0	0	0	0	0	0	0	0	0	0	0	0	0	0	0	0	0	0	0	
124404	Clo2019_ID375	0	0	0	0	0	0	222	0	0	0	0	0	0	0	0	0	0	0	0	0	0	0	0	0	0	0	0	0	0	0	
124069	Clo2017_ID559	0	0	0	0	0	0	2676	0	0	0	0	0	0	0	0	0	0	0	0	0	0	0	0	0	0	0	0	0	0	0	
124061	Clo2017_ID551	0	0	0	0	0	0	1561	0	0	0	0	0	0	0	0	0	0	0	0	0	0	0	0	0	0	0	0	0	0	0	
124576	Clo2019_ID543	0	0	0	0	0	0	4174	0	0	0	0	0	0	0	0	0	0	0	0	0	0	0	0	0	0	0	0	0	0	0	
124051	Clo2017_ID541	0	0	0	0	0	0	383	0	0	0	0	0	0	0	0	0	0	0	0	0	0	0	0	0	0	0	0	0	0	0	
124351	Clo2019_ID321	0	0	0	0	0	0	2063	0	0	0	0	0	0	0	0	0	0	0	0	0	0	0	0	0	0	0	0	0	0	0	
124625	Clo2019_ID591	0	0	0	0	0	0	6648	0	0	0	0	0	0	0	0	0	0	0	0	0	0	0	0	0	0	0	0	0	0	0	
124065	Clo2017_ID555	0	0	0	0	0	0	2645	0	0	0	0	0	0	0	0	0	0	0	0	0	0	0	0	0	0	0	0	0	0	0	
123886	Clo2017_ID388	0	0	0	0	0	0	2329	0	0	0	0	0	0	0	0	0	0	0	0	0	0	0	0	0	0	0	0	0	0	0	
124104	Clo2017_ID592	0	0	0	0	0	0	3895	0	0	0	0	0	0	0	0	0	0	0	0	0	0	0	0	0	0	0	0	0	0	0	
124056	Clo2017_ID546	0	0	0	0	0	0	620	0	0	0	0	0	0	0	0	0	0	0	0	0	0	0	0	0	0	0	0	0	0	0	
123674	Clo2017_ID182	0	0	0	0	0	0	2303	0	0	0	0	0	0	0	0	0	0	0	0	0	0	0	0	0	0	0	0	0	0	0	
124527	Clo2019_ID499	0	0	0	0	0	0	804	0	0	0	0	0	0	0	0	0	0	0	0	0	0	0	0	0	0	0	0	0	0	0	
123814	Clo2017_ID321	0	0	0	0	0	0	4310	0	0	0	0	0	0	0	0	0	0	0	0	0	0	0	0	0	0	0	0	0	0	0	
123970	Clo2017_ID465	0	0	0	0	0	0	3534	0	0	0	0	0	0	0	0	0	0	0	0	0	0	0	0	0	0	0	0	0	0	0	
124060	Clo2017_ID550	0	0	0	0	0	0	1421	0	0	0	0	20	0	0	0	0	0	0	0	0	0	0	0	0	0	0	0	0	0	0	
123988	Clo2017_ID485	0	0	0	0	0	0	2201	0	0	0	0	0	0	0	0	0	0	0	0	0	0	0	0	0	0	0	0	0	0	0	
124028	Clo2017_ID520	0	0	0	0	0	0	530	0	0	0	0	0	0	0	0	0	0	0	0	0	0	0	0	0	0	0	0	0	0	0	
124233	Clo2019_ID182	0	0	0	0	0	0	1946	0	0	0	0	0	0	0	0	0	0	0	0	0	0	0	0	0	0	0	0	0	0	0	
124054	Clo2017_ID544	0	0	0	0	0	0	1186	0	0	0	0	0	0	0	0	0	0	0	0	0	0	0	0	0	0	0	0	0	0	0	
123724	Clo2017_ID227	0	0	0	0	0	0	4461	0	0	0	0	0	0	0	0	0	0	0	0	0	0	0	0	0	0	0	0	0	0	0	
123826	Clo2017_ID333	0	0	0	0	0	0	3777	0	0	0	0	0	0	0	0	0	0	0	0	0	0	0	0	0	0	0	0	0	0	0	
124284	Clo2019_ID22	0	0	0	0	0	0	267	0	0	0	0	0	0	0	0	0	0	0	0	0	0	0	0	0	0	0	0	0	0	0	
124509	Clo2019_ID480	0	0	0	0	0	0	2452	0	0	0	0	0	0	0	0	0	0	0	0	0	0	0	0	0	0	0	0	0	0	0	
123969	Clo2017_ID464	0	0	0	0	0	0	1257	0	0	0	0	0	0	0	0	0	0	0	0	0	0	0	0	0	0	0	0	0	0	0	
124491	Clo2019_ID464	0	0	0	0	0	0	1572	0	0	0	0	0	0	0	0	0	0	0	0	0	0	0	0	0	0	0	0	0	0	0	
123805	Clo2017_ID312	0	0	0	0	0	0	1093	0	0	0	0	0	0	0	0	0	0	0	0	0	0	0	0	0	0	0	0	0	0	0	
123595	Clo2017_ID102	0	0	0	0	0	0	595	0	0	0	0	0	0	0	0	0	0	0	0	0	0	0	0	0	0	0	0	0	0	0	
124335	Clo2019_ID301	0	0	0	0	0	0	275	0	0	0	0	10	0	0	0	0	0	0	0	0	0	0	0	0	0	0	0	0	0	0	
124318	Clo2019_ID26	0	0	0	0	0	0	1250	0	0	0	0	0	0	0	0	0	0	0	0	0	0	0	0	0	0	438	0	0	0	0	
123766	Clo2017_ID26	0	0	0	0	0	0	480	0	0	0	0	0	0	0	0	0	0	0	0	0	0	0	0	0	0	0	0	0	0	0	
123612	Clo2017_ID119	0	0	0	0	0	0	1113	0	0	0	0	0	0	0	0	0	0	0	0	0	0	0	0	0	0	712	0	0	0	0	
124182	Clo2019_ID128	0	0	0	0	0	0	0	216	0	0	0	0	0	0	0	0	0	0	0	0	0	0	0	0	0	0	0	0	0	0	
124192	Clo2019_ID138	0	0	0	0	0	0	0	263	0	0	0	0	0	0	0	0	0	0	0	0	0	0	0	0	0	0	0	0	0	0	
124631	Clo2019_ID597	0	0	0	0	0	0	0	3443	0	0	0	0	0	0	0	0	0	0	0	0	0	0	0	0	0	0	0	0	0	0	
123599	Clo2017_ID106	0	0	0	0	0	0	0	578	0	0	0	0	0	0	0	0	0	0	0	0	0	0	0	0	0	0	0	0	0	0	
124101	Clo2017_ID589	0	0	0	0	0	0	0	1242	0	0	0	0	0	0	0	0	0	0	0	0	0	0	0	0	0	0	0	0	0	0	
124109	Clo2017_ID597	0	0	0	0	0	0	0	2345	0	0	0	0	0	0	0	0	0	0	0	0	0	0	0	0	0	0	0	0	0	0	
124102	Clo2017_ID590	0	0	0	0	0	0	0	2717	0	0	0	0	0	0	0	0	0	0	0	0	0	0	0	0	0	0	0	0	0	0	
124572	Clo2019_ID53	0	0	0	0	0	0	0	2906	0	0	0	0	0	0	0	0	0	0	0	0	0	0	0	0	0	0	0	0	0	0	
123932	Clo2017_ID42	0	0	0	0	0	0	0	407	0	0	0	0	0	0	0	0	0	0	0	0	0	0	0	0	0	0	0	0	0	0	
124144	Clo2017_ID89	0	0	0	0	0	0	0	3106	0	0	0	0	0	0	0	0	0	0	0	0	0	0	0	0	0	0	0	0	0	0	
124346	Clo2019_ID317	0	0	0	0	0	0	0	1231	0	0	0	0	0	0	0	0	0	0	0	0	0	0	0	0	0	0	0	0	0	0	
124008	Clo2017_ID502	0	0	0	0	0	0	0	3118	0	0	0	0	0	0	0	0	0	0	0	0	0	0	0	0	0	0	0	0	0	0	
124633	Clo2019_ID599	0	0	0	0	0	0	0	3289	0	0	0	0	0	0	0	0	0	0	0	0	0	0	0	0	0	0	0	0	0	0	
124532	Clo2019_ID502	0	0	0	0	0	0	0	1854	0	0	0	0	0	0	0	0	0	0	0	0	0	0	0	0	0	0	0	0	0	0	
124629	Clo2019_ID595	0	0	0	0	0	0	0	7294	0	0	0	0	0	0	0	0	0	0	0	0	0	0	0	0	0	0	0	0	0	0	
123866	Clo2017_ID36	0	0	0	0	0	0	0	417	0	0	0	0	0	0	0	0	0	0	0	0	0	0	0	0	0	0	0	0	0	0	
124239	Clo2019_ID188	0	0	0	0	0	0	0	2345	0	0	0	0	0	0	0	0	0	0	0	0	0	0	0	0	0	0	0	0	0	0	
123632	Clo2017_ID138	0	0	0	0	0	0	0	3722	0	0	0	0	0	0	0	0	0	0	0	0	0	0	0	0	0	0	0	0	0	0	
123655	Clo2017_ID165	0	0	0	0	0	0	0	2967	0	0	0	0	0	0	0	0	0	0	0	0	0	0	0	0	0	0	0	0	0	0	
123680	Clo2017_ID188	0	0	0	0	0	0	0	1944	0	0	0	0	0	0	0	0	0	0	0	0	0	0	0	0	0	0	0	0	0	0	
123755	Clo2017_ID257	0	0	0	0	0	0	0	2228	0	0	0	0	0	0	0	0	0	0	0	0	0	0	0	0	0	0	0	0	0	0	
124427	Clo2019_ID3	0	0	0	0	0	0	0	976	0	0	0	0	0	0	0	0	0	0	0	0	0	0	0	0	0	0	0	0	0	0	
123596	Clo2017_ID103	0	0	0	0	0	0	0	877	0	0	0	0	0	0	0	0	0	0	0	0	0	0	0	0	0	0	0	0	0	0	
123622	Clo2017_ID128	0	0	0	0	0	0	0	1680	0	0	0	0	0	0	0	0	0	0	0	0	0	0	0	0	0	0	0	0	0	0	
124095	Clo2017_ID582	0	0	0	0	0	0	0	1225	0	0	0	0	0	0	0	0	0	0	0	0	0	0	0	0	0	0	0	0	0	0	
124111	Clo2017_ID599	0	0	0	0	0	0	0	1449	0	0	0	0	0	0	0	0	0	0	0	0	0	0	0	0	0	0	0	0	0	0	
123598	Clo2017_ID105	0	0	0	0	0	0	0	694	0	0	0	0	0	0	0	0	0	0	0	0	0	0	0	0	0	0	0	0	0	0	
124164	Clo2019_ID108	0	0	0	0	0	0	0	659	0	0	0	0	0	0	0	0	0	0	0	0	0	0	0	0	0	0	0	0	0	0	
124345	Clo2019_ID316	0	0	0	0	0	0	0	1805	0	0	0	0	0	0	0	0	0	0	0	0	0	0	0	0	0	0	0	0	0	0	
123602	Clo2017_ID109	0	0	0	0	0	0	0	561	0	0	0	0	0	0	0	0	0	0	0	0	0	0	0	0	0	0	0	0	0	0	
124341	Clo2019_ID310	0	0	0	0	0	0	0	573	0	0	0	0	0	0	0	0	0	0	0	0	0	0	0	0	0	441	0	0	0	0	
124495	Clo2019_ID468	0	0	0	0	0	0	0	559	0	0	0	0	0	0	0	0	0	0	0	0	0	0	0	0	0	602	0	0	0	0	
124636	Clo2019_ID60	0	0	0	0	0	0	0	0	2037	0	0	0	0	0	0	0	0	0	0	0	0	0	0	0	0	0	0	0	0	0	
124108	Clo2017_ID596	0	0	0	0	0	0	0	0	1688	0	0	0	0	0	0	0	0	0	0	0	0	0	0	0	0	0	0	0	0	0	
123855	Clo2017_ID35	0	0	0	0	0	0	0	0	278	0	0	0	0	0	0	0	0	0	0	0	0	0	0	0	0	0	0	0	0	0	
124302	Clo2019_ID248	0	0	0	0	0	0	0	0	4834	0	0	0	0	0	0	0	0	0	0	0	0	0	0	0	0	0	0	0	0	0	
123921	Clo2017_ID41	0	0	0	0	0	0	0	0	876	0	0	0	0	0	0	0	0	0	0	0	0	0	0	0	0	0	0	0	0	0	
123657	Clo2017_ID167	0	0	0	0	0	0	0	0	3959	0	0	0	0	0	0	0	0	0	0	0	0	0	0	0	0	0	0	0	0	0	
124630	Clo2019_ID596	0	0	0	0	0	0	0	0	3268	0	0	0	0	0	0	0	0	0	0	0	0	0	0	0	0	0	0	0	0	0	
124071	Clo2017_ID560	0	0	0	0	0	0	0	0	3180	0	0	0	0	0	0	0	0	0	0	0	0	0	0	0	0	0	0	0	0	0	
123880	Clo2017_ID382	0	0	0	0	0	0	0	0	3140	0	0	0	0	0	0	0	0	0	0	0	0	0	0	0	0	0	0	0	0	0	
124661	Clo2019_ID94	0	0	0	0	0	0	0	0	909	0	0	0	0	0	0	0	0	0	0	0	0	0	0	0	0	0	0	0	0	0	
123593	Clo2017_ID100	0	0	0	0	0	0	0	0	564	0	0	0	0	0	0	0	0	0	0	0	0	0	0	0	0	0	0	0	0	0	
124508	Clo2019_ID47	0	0	0	0	0	0	0	0	2101	0	0	0	0	0	0	0	0	0	0	0	0	0	0	0	0	0	0	0	0	0	
123803	Clo2017_ID310	0	0	0	0	0	0	0	0	2307	0	0	0	0	0	0	0	0	0	0	0	0	0	0	0	0	0	0	0	0	0	
123594	Clo2017_ID101	0	0	0	0	0	0	0	0	719	0	0	0	0	0	0	0	0	0	0	0	0	0	0	0	0	0	0	0	0	0	
124651	Clo2019_ID84	0	0	0	0	0	0	0	0	997	0	0	0	0	0	0	0	0	0	0	0	0	0	0	0	0	0	0	0	0	0	
123739	Clo2017_ID241	0	0	0	0	0	0	0	0	803	0	0	0	0	0	0	0	0	0	0	0	0	0	0	0	0	0	0	0	0	0	
123881	Clo2017_ID383	0	0	0	0	0	0	0	0	2990	0	0	0	0	0	0	0	0	0	0	0	0	0	0	0	0	0	0	0	0	0	
124342	Clo2019_ID311	0	0	0	0	0	0	0	0	5168	0	0	0	0	0	0	0	0	0	0	0	0	0	0	0	0	0	0	0	0	0	
124486	Clo2019_ID45	0	0	0	0	0	0	0	0	2632	0	0	0	0	0	0	0	0	0	0	0	0	0	0	0	0	0	0	0	0	0	
124388	Clo2019_ID35	0	0	0	0	0	0	0	0	555	0	0	0	0	0	0	0	0	0	0	0	0	0	0	0	0	0	0	0	0	0	
124157	Clo2019_ID101	0	0	0	0	0	0	0	0	1377	0	0	0	0	0	0	0	0	0	0	0	0	0	0	0	0	0	0	0	0	0	
123718	Clo2017_ID221	0	0	0	0	0	0	0	0	2227	0	0	0	0	0	0	0	0	0	0	0	0	0	0	0	0	0	0	0	0	0	
124634	Clo2019_ID59	0	0	0	0	0	0	0	0	1097	0	0	0	0	0	0	0	0	0	0	0	0	0	0	0	0	0	0	0	0	0	
123758	Clo2017_ID262	0	0	0	0	0	0	0	0	2864	0	0	0	0	0	0	0	0	0	0	0	0	0	0	0	0	0	0	0	0	0	
124311	Clo2019_ID262	0	0	0	0	0	0	0	0	5306	0	0	0	0	0	0	0	0	0	0	0	0	0	0	0	0	0	0	0	0	0	
124153	Clo2017_ID97	0	0	0	0	0	0	0	0	2277	0	0	0	0	0	0	0	0	0	0	0	0	0	0	0	0	0	0	0	0	0	
124328	Clo2019_ID293	0	0	0	0	0	0	0	0	4853	0	0	0	0	0	0	0	0	0	0	0	0	0	0	0	0	0	0	0	0	0	
124593	Clo2019_ID560	0	0	0	0	0	0	0	0	1547	0	0	0	0	0	0	0	0	0	0	0	0	0	0	0	0	0	0	0	0	0	
124315	Clo2019_ID266	0	0	0	0	0	0	0	0	1846	0	0	0	0	0	0	0	0	0	0	0	0	0	0	0	0	0	0	0	0	0	
124120	Clo2017_ID65	0	0	0	0	0	0	0	0	2141	0	0	0	0	0	0	0	0	0	0	0	0	0	0	0	0	454	0	0	0	0	
124643	Clo2019_ID74	0	0	0	0	0	0	0	0	511	0	0	0	0	0	0	0	0	0	0	0	0	0	0	0	0	0	0	0	0	0	
123743	Clo2017_ID245	0	0	0	0	0	0	0	0	2254	0	0	0	0	0	0	0	0	0	0	0	0	0	0	0	0	1134	0	0	0	0	
124299	Clo2019_ID245	0	0	0	0	0	0	0	0	4506	0	0	0	0	0	0	0	0	0	0	0	0	0	0	0	0	2386	0	0	0	0	
124092	Clo2017_ID57	0	0	0	0	0	0	0	0	1702	0	0	0	0	0	0	0	0	0	0	0	0	0	0	0	0	1210	0	0	0	0	
124455	Clo2019_ID431	0	0	0	0	0	0	0	0	0	422	0	0	0	0	0	0	0	0	0	0	0	0	0	0	0	0	0	0	0	0	
124243	Clo2019_ID191	0	0	0	0	0	0	0	0	0	865	0	0	0	0	0	0	0	0	0	0	0	0	0	0	0	0	0	0	0	0	
123684	Clo2017_ID191	0	0	0	0	0	0	0	0	0	3514	0	0	0	0	0	0	0	0	0	0	0	0	0	0	0	0	0	0	0	0	
124624	Clo2019_ID590	0	0	0	0	0	0	0	0	0	22490	0	0	0	0	0	0	0	0	0	0	0	0	0	0	0	0	0	0	0	0	
124105	Clo2017_ID593	0	0	0	0	0	0	0	0	0	2163	0	0	0	0	0	0	0	0	0	0	0	0	0	0	0	0	0	0	0	0	
124627	Clo2019_ID593	0	0	0	0	0	0	0	0	0	5136	0	0	0	0	0	0	0	0	0	0	0	0	0	0	0	0	0	0	0	0	
123659	Clo2017_ID169	0	0	0	0	0	0	0	0	0	4438	0	0	0	0	0	0	0	0	0	0	0	0	0	0	0	0	0	0	0	0	
124622	Clo2019_ID589	0	0	0	0	0	0	0	0	0	4648	0	0	0	0	0	0	0	0	0	0	0	0	0	0	0	0	0	0	0	0	
123691	Clo2017_ID198	0	0	0	0	0	0	0	0	0	1892	0	34	0	0	0	0	0	0	0	0	0	0	0	0	0	0	0	0	0	0	
124623	Clo2019_ID58	0	0	0	0	0	0	0	0	0	461	0	0	0	0	0	0	0	0	0	0	0	0	0	0	0	0	0	0	0	0	
123798	Clo2017_ID304	0	0	0	0	0	0	0	0	0	2727	0	0	0	0	0	0	0	0	0	0	0	0	0	0	0	0	0	0	0	0	
123717	Clo2017_ID220	0	0	0	0	0	0	0	0	0	2500	0	0	0	0	0	0	0	0	0	0	0	0	0	0	0	0	0	0	0	0	
123759	Clo2017_ID263	0	0	0	0	0	0	0	0	0	3633	0	0	0	0	0	0	0	0	0	0	0	0	0	0	0	0	0	0	0	0	
123968	Clo2017_ID463	0	0	0	0	0	0	0	0	0	3017	0	0	0	0	0	0	0	0	0	0	0	0	0	0	0	0	0	0	0	0	
123604	Clo2017_ID110	0	0	0	0	0	0	0	0	0	538	0	0	0	0	0	0	0	0	0	0	0	0	0	0	0	0	0	0	0	0	
123887	Clo2017_ID389	0	0	0	0	0	0	0	0	0	2491	0	0	0	0	0	0	0	0	0	0	0	0	0	0	0	0	0	0	0	0	
124618	Clo2019_ID584	0	0	0	0	0	0	0	0	0	5493	0	0	0	0	0	0	0	0	0	0	0	0	0	0	0	0	0	0	0	0	
123630	Clo2017_ID136	0	0	0	0	0	0	0	0	0	1511	0	0	0	0	0	0	0	0	0	0	0	0	0	0	0	0	0	0	0	0	
123614	Clo2017_ID120	0	0	0	0	0	0	0	0	0	3171	0	0	0	0	0	0	0	0	0	0	0	0	0	0	0	0	0	0	0	0	
124232	Clo2019_ID181	0	0	0	0	0	0	0	0	0	631	0	12	0	0	0	0	0	0	0	0	0	0	0	0	0	0	0	0	0	0	
123748	Clo2017_ID250	0	0	0	0	0	0	0	0	0	3741	0	0	0	0	0	0	0	0	0	0	0	0	0	0	0	0	0	0	0	0	
124635	Clo2019_ID600	0	0	0	0	0	0	0	0	0	3617	0	0	0	0	0	0	0	0	0	0	0	0	0	0	0	0	0	0	0	0	
124268	Clo2019_ID215	0	0	0	0	0	0	0	0	0	1364	0	0	0	0	0	0	0	0	0	0	0	0	0	0	0	0	0	0	0	0	
123728	Clo2017_ID230	0	0	0	0	0	0	0	0	0	1173	0	0	0	0	0	0	0	0	0	0	0	0	0	0	0	0	0	0	0	0	
124114	Clo2017_ID600	0	0	0	0	0	0	0	0	0	915	0	0	0	0	0	0	0	0	0	0	0	0	0	0	0	0	0	0	0	0	
124097	Clo2017_ID584	0	0	0	0	0	0	0	0	0	2638	0	0	0	0	0	0	0	0	0	0	0	0	0	0	0	0	0	0	0	0	
124070	Clo2017_ID55	0	0	0	0	0	0	0	0	0	635	0	0	0	0	0	0	0	0	0	0	0	0	0	0	0	0	0	0	0	0	
124148	Clo2017_ID92	0	0	0	0	0	0	0	0	0	2305	0	0	0	0	0	0	0	0	0	0	0	0	0	0	0	0	0	0	0	0	
124124	Clo2017_ID69	0	0	0	0	0	0	0	0	0	636	0	0	0	0	0	0	0	0	0	0	0	0	0	0	0	0	0	0	0	0	
124381	Clo2019_ID352	0	0	0	0	0	0	0	0	0	1143	0	0	0	0	0	0	0	0	0	0	0	0	0	0	0	0	310	0	0	0	
123745	Clo2017_ID247	0	0	0	0	0	0	0	0	0	1149	0	0	0	0	0	0	0	0	0	0	0	0	0	0	0	0	0	0	0	547	
123749	Clo2017_ID251	0	0	0	0	0	0	0	0	0	1776	0	0	0	0	0	0	0	0	0	0	0	0	0	0	0	1781	0	0	0	0	
124344	Clo2019_ID314	0	0	0	0	0	0	0	0	0	0	2268	0	0	0	0	0	0	0	0	0	0	0	0	0	0	0	0	0	0	0	
124078	Clo2017_ID567	0	0	0	0	0	0	0	0	0	0	3132	0	0	0	0	0	0	0	0	0	0	0	0	0	0	0	0	0	0	0	
124080	Clo2017_ID569	0	0	0	0	0	0	0	0	0	0	2776	0	0	0	0	0	0	0	0	0	0	0	0	0	0	0	0	0	0	0	
123892	Clo2017_ID393	0	0	0	0	0	0	0	0	0	0	2943	0	0	0	0	0	0	0	0	0	0	0	0	0	0	0	0	0	0	0	
124075	Clo2017_ID564	0	0	0	0	0	0	0	0	0	0	1093	0	0	0	0	0	0	0	0	0	0	0	0	0	0	0	0	0	0	0	
123893	Clo2017_ID394	0	0	0	0	0	0	0	0	0	0	1744	0	0	0	0	0	0	0	0	0	0	0	0	0	0	0	0	0	0	0	
124076	Clo2017_ID565	0	0	0	0	0	0	0	0	0	0	2312	0	0	0	0	0	0	0	0	0	0	0	0	0	0	0	0	0	0	0	
124349	Clo2019_ID31	0	0	0	0	0	0	0	0	0	0	222	0	0	0	0	0	0	0	0	0	0	0	0	0	0	0	0	0	0	0	
124074	Clo2017_ID563	0	0	0	0	0	0	0	0	0	0	790	10	0	0	0	0	0	0	0	0	0	0	0	0	0	0	0	0	0	0	
123760	Clo2017_ID264	0	0	0	0	0	0	0	0	0	0	2551	0	0	0	0	0	0	0	0	0	0	0	0	0	0	0	0	0	0	0	
124597	Clo2019_ID565	0	0	0	0	0	0	0	0	0	0	4110	0	0	0	0	0	0	0	0	0	0	0	0	0	0	0	0	0	0	0	
123809	Clo2017_ID316	0	0	0	0	0	0	0	0	0	0	4327	0	0	0	0	0	0	0	0	0	0	0	0	0	0	0	0	0	0	0	
124190	Clo2019_ID136	0	0	0	0	0	0	0	0	0	0	202	0	0	0	0	0	0	0	0	0	0	0	0	0	0	0	0	0	0	0	
124601	Clo2019_ID569	0	0	0	0	0	0	0	0	0	0	11077	0	0	0	0	0	0	0	0	0	0	0	0	0	0	0	0	0	0	0	
124599	Clo2019_ID567	0	0	0	0	0	0	0	0	0	0	2047	31	0	0	0	0	0	0	0	0	0	0	0	0	0	0	0	0	0	0	
124596	Clo2019_ID564	0	0	0	0	0	0	0	0	0	0	4317	0	0	0	0	0	0	0	0	0	0	0	0	0	0	0	0	0	0	0	
123815	Clo2017_ID322	0	0	0	0	0	0	0	0	0	0	5886	0	0	0	0	0	0	0	0	0	0	0	0	0	0	0	0	0	0	0	
123690	Clo2017_ID197	0	0	0	0	0	0	0	0	0	0	3575	0	0	0	0	0	0	0	0	0	0	0	0	0	0	0	0	0	0	0	
124248	Clo2019_ID196	0	0	0	0	0	0	0	0	0	0	2048	0	0	0	0	0	0	0	0	0	0	0	0	0	0	0	0	0	0	0	
124271	Clo2019_ID218	0	0	0	0	0	0	0	0	0	0	724	0	0	0	0	0	0	0	0	0	0	0	0	0	0	0	0	0	0	0	
123670	Clo2017_ID179	0	0	0	0	0	0	0	0	0	0	2948	0	0	0	0	0	0	0	0	0	0	0	0	0	0	0	0	0	0	0	
124339	Clo2019_ID308	0	0	0	0	0	0	0	0	0	0	2879	0	0	0	0	0	0	0	0	0	0	0	0	0	0	931	0	0	0	0	
123801	Clo2017_ID308	0	0	0	0	0	0	0	0	0	0	1508	0	0	0	0	0	0	0	0	0	0	0	0	0	0	693	0	0	0	0	
123868	Clo2017_ID371	0	0	0	0	0	0	0	0	0	0	2002	0	0	0	0	0	0	0	0	0	0	0	0	0	0	916	0	0	0	0	
124414	Clo2019_ID386	0	0	0	0	0	0	0	0	0	0	0	0	284	0	0	0	0	0	0	0	0	0	0	0	0	0	0	0	0	0	
124009	Clo2017_ID503	0	0	0	0	0	0	0	0	0	0	0	0	2239	0	0	0	0	0	0	0	0	0	0	0	0	0	0	0	0	0	
124173	Clo2019_ID117	0	0	0	0	0	0	0	0	0	0	0	0	1674	0	0	0	0	0	0	0	0	0	0	0	0	0	0	0	0	0	
123769	Clo2017_ID272	0	0	0	0	0	0	0	0	0	0	0	0	3991	0	0	0	0	0	0	0	0	0	0	0	0	0	0	0	0	0	
123889	Clo2017_ID390	0	0	0	0	0	0	0	0	0	0	0	0	2359	0	0	0	0	0	0	0	0	0	0	0	0	0	0	0	0	0	
124615	Clo2019_ID581	0	0	0	0	0	0	0	0	0	0	0	0	28332	0	0	0	0	0	0	0	0	0	0	0	0	0	0	0	0	0	
124444	Clo2019_ID421	0	0	0	0	0	0	0	0	0	0	0	17	887	0	0	0	0	0	0	0	0	0	0	0	0	0	0	0	0	0	
124273	Clo2019_ID21	0	0	0	0	0	0	0	0	0	0	0	0	544	0	0	0	0	0	0	0	0	0	0	0	0	0	0	0	0	0	
123923	Clo2017_ID421	0	0	0	0	0	0	0	0	0	0	0	0	762	0	0	0	0	0	0	0	0	0	0	0	0	0	0	0	0	0	
124556	Clo2019_ID525	0	0	0	0	0	0	0	0	0	0	0	0	3683	0	0	0	0	0	0	0	0	0	0	0	0	0	0	0	0	0	
124089	Clo2017_ID577	0	0	0	0	0	0	0	0	0	0	0	0	2904	0	0	0	0	0	0	0	0	0	0	0	0	0	0	0	0	0	
123722	Clo2017_ID225	0	0	0	0	0	0	0	0	0	0	0	0	4103	0	0	0	0	0	0	0	0	0	0	0	0	0	0	0	0	0	
123673	Clo2017_ID181	0	0	0	0	0	0	0	0	0	0	0	0	3475	0	0	0	0	0	0	0	0	0	0	0	0	0	0	0	0	0	
124500	Clo2019_ID472	0	0	0	0	0	0	0	0	0	0	0	0	1151	0	0	0	0	0	0	0	0	0	0	0	0	0	0	0	0	0	
123901	Clo2017_ID400	0	0	0	0	0	0	0	0	0	0	0	0	2833	0	0	0	0	0	0	0	0	0	0	0	0	0	0	0	0	0	
123761	Clo2017_ID265	0	0	0	0	0	0	0	0	0	0	0	0	3189	0	0	0	0	0	0	0	0	0	0	0	0	0	0	0	0	0	
124259	Clo2019_ID207	0	0	0	0	0	0	0	0	0	0	0	0	1224	0	0	0	0	0	0	0	0	0	0	0	0	537	0	0	0	0	
124614	Clo2019_ID580	0	0	0	0	0	0	0	0	0	0	0	0	2480	0	0	0	0	0	0	0	0	0	0	0	0	0	0	0	982	0	
124547	Clo2019_ID516	0	0	0	0	0	0	0	0	0	0	0	0	1912	0	0	0	0	0	0	0	0	0	0	0	0	1384	0	0	0	0	
124355	Clo2019_ID325	0	0	0	0	0	0	0	0	0	0	0	0	0	65969	0	0	0	0	0	0	0	0	0	0	0	0	0	0	0	0	
123895	Clo2017_ID396	0	0	0	0	0	0	0	0	0	0	0	0	0	4916	0	0	0	0	0	0	0	0	0	0	0	0	0	0	0	0	
124370	Clo2019_ID33	0	0	0	0	0	0	0	0	0	0	0	0	0	1236	0	0	0	0	0	0	0	0	0	0	0	0	0	0	0	0	
124040	Clo2017_ID531	0	0	0	0	0	0	0	0	0	0	0	0	0	988	0	0	0	0	0	0	0	0	0	0	0	0	0	0	0	0	
124240	Clo2019_ID189	0	0	0	0	0	0	0	0	0	0	0	0	0	2449	0	0	0	0	0	0	0	0	0	0	0	0	0	0	0	0	
124292	Clo2019_ID238	0	0	0	0	0	0	0	0	0	0	0	0	0	4404	0	0	0	0	0	0	0	0	0	0	0	0	0	0	0	0	
123736	Clo2017_ID238	0	0	0	0	0	0	0	0	0	0	0	0	0	1459	0	0	0	0	0	0	0	0	0	0	0	0	0	0	0	0	
124563	Clo2019_ID531	0	0	0	0	0	0	0	0	0	0	0	0	0	3328	0	0	0	0	0	0	0	0	0	0	0	0	0	0	0	0	
124126	Clo2017_ID70	0	0	0	0	0	0	0	0	0	0	0	59	0	2405	0	0	0	0	0	0	0	0	0	0	0	0	0	0	0	0	
124367	Clo2019_ID336	0	0	0	0	0	0	0	0	0	0	0	0	0	1059	0	0	0	0	0	0	0	0	0	0	0	0	0	0	0	0	
123888	Clo2017_ID38	0	0	0	0	0	0	0	0	0	0	0	0	0	722	0	0	0	0	0	0	0	0	0	0	0	0	0	0	0	0	
123829	Clo2017_ID336	0	0	0	0	0	0	0	0	0	0	0	0	0	3167	0	0	0	0	0	0	0	0	0	0	0	0	0	0	0	0	
124141	Clo2017_ID86	0	0	0	0	0	0	0	0	0	0	0	0	0	1346	0	0	0	0	0	0	0	0	0	0	0	0	0	0	0	0	
123681	Clo2017_ID189	0	0	0	0	0	0	0	0	0	0	0	0	0	2381	0	0	0	0	0	0	0	0	0	0	0	538	0	0	0	0	
123638	Clo2017_ID14	0	0	0	0	0	0	0	0	0	0	0	0	0	638	0	0	0	0	0	0	0	0	0	0	0	204	0	0	0	0	
124205	Clo2019_ID14	0	0	0	0	0	0	0	0	0	0	0	0	0	886	0	0	0	0	0	0	0	0	0	0	0	483	0	0	0	0	
124118	Clo2017_ID63	0	0	0	0	0	0	0	0	0	0	0	0	0	328	0	0	0	0	0	0	0	0	0	0	0	302	0	0	0	0	
124029	Clo2017_ID521	0	0	0	0	0	0	0	0	0	0	0	0	0	0	282	0	0	0	0	0	0	0	0	0	0	0	0	0	0	0	
124047	Clo2017_ID538	0	0	0	0	0	0	0	0	0	0	0	0	0	0	328	0	0	0	0	0	0	0	0	0	0	0	0	0	0	0	
124552	Clo2019_ID521	0	0	0	0	0	0	0	0	0	0	0	0	0	0	2317	0	0	0	0	0	0	0	0	0	0	0	0	0	0	0	
124548	Clo2019_ID517	0	0	0	0	0	0	0	0	0	0	0	0	0	0	2326	0	0	0	0	0	0	0	0	0	0	0	0	0	0	0	
124030	Clo2017_ID522	0	0	0	0	0	0	0	0	0	0	0	0	0	0	386	0	0	0	0	0	0	0	0	0	0	0	0	0	0	0	
123741	Clo2017_ID243	0	0	0	0	0	0	0	0	0	0	0	0	0	0	4219	0	0	0	0	0	0	0	0	0	0	0	0	0	0	0	
124553	Clo2019_ID522	0	0	0	0	0	0	0	0	0	0	0	0	0	0	3216	0	0	0	0	0	0	0	0	0	0	0	0	0	0	0	
124041	Clo2017_ID532	0	0	0	0	0	0	0	0	0	0	0	0	0	0	1430	0	0	0	0	0	0	0	0	0	0	0	0	0	0	0	
124560	Clo2019_ID529	0	0	0	0	0	0	0	0	0	0	0	0	0	0	6678	0	0	0	0	0	0	0	0	0	0	0	0	0	0	0	
124043	Clo2017_ID534	0	0	0	0	0	0	0	0	0	0	0	0	0	0	4078	0	0	0	0	0	0	0	0	0	0	0	0	0	0	0	
124037	Clo2017_ID529	0	0	0	0	0	0	0	0	0	0	0	0	0	0	483	0	0	0	0	0	0	0	0	0	0	0	0	0	0	0	
124045	Clo2017_ID536	0	0	0	0	0	0	0	0	0	0	0	0	0	0	1067	0	0	0	0	0	0	0	0	0	0	0	0	0	0	0	
124189	Clo2019_ID135	0	0	0	0	0	0	0	0	0	0	0	0	0	0	262	0	0	0	0	0	0	0	0	0	0	0	0	0	0	0	
123606	Clo2017_ID113	0	0	0	0	0	0	0	0	0	0	0	0	0	0	0	403	0	0	0	0	0	0	0	0	0	0	0	0	0	0	
124665	Clo2019_ID98	0	0	0	0	0	0	0	0	0	0	0	0	0	0	0	506	0	0	0	0	0	0	0	0	0	0	0	0	0	0	
124139	Clo2017_ID83	0	0	0	0	0	0	0	0	0	0	0	0	0	0	0	2324	0	0	0	0	0	0	0	0	0	0	0	0	0	0	
124638	Clo2019_ID67	0	0	0	0	0	0	0	0	0	0	0	0	0	0	0	1626	0	0	0	0	0	0	0	0	0	0	0	0	0	0	
124277	Clo2019_ID223	0	0	0	0	0	0	0	0	0	0	0	0	0	0	0	55356	0	0	0	0	0	0	0	0	0	0	0	0	0	0	
124650	Clo2019_ID83	0	0	0	0	0	0	0	0	0	0	0	0	0	0	0	1210	0	0	0	0	0	0	0	0	0	0	0	0	0	0	
123940	Clo2017_ID437	0	0	0	0	0	0	0	0	0	0	0	0	0	0	0	3042	0	0	0	0	0	0	0	0	0	0	0	0	0	0	
124166	Clo2019_ID10	0	0	0	0	0	0	0	0	0	0	0	0	0	0	0	2067	0	0	0	0	0	0	0	0	0	0	0	0	0	0	
124169	Clo2019_ID113	0	0	0	0	0	0	0	0	0	0	0	0	0	0	0	965	0	0	0	0	0	0	0	0	0	0	0	0	0	0	
124154	Clo2017_ID98	0	0	0	0	0	0	0	0	0	0	0	0	0	0	0	1214	0	0	0	0	0	0	0	0	0	0	0	0	0	0	
123987	Clo2017_ID484	0	0	0	0	0	0	0	0	0	0	0	0	0	0	0	1704	0	0	0	0	0	0	0	0	0	0	0	0	0	0	
123993	Clo2017_ID48	0	0	0	0	0	0	0	0	0	0	0	0	0	0	0	621	0	0	0	0	0	0	0	0	0	0	0	0	0	0	
123899	Clo2017_ID39	0	0	0	0	0	0	0	0	0	0	0	0	0	0	0	805	0	0	0	0	0	0	0	0	0	434	0	0	0	0	
123664	Clo2017_ID173	0	0	0	0	0	0	0	0	0	0	0	0	0	0	0	0	4541	0	0	0	0	0	0	0	0	0	0	0	0	0	
124409	Clo2019_ID380	0	0	0	0	0	0	0	0	0	0	0	0	0	0	0	0	365	0	0	0	0	0	0	0	0	0	0	0	0	0	
123916	Clo2017_ID415	0	0	0	0	0	0	0	0	0	0	0	0	0	0	0	0	732	0	0	0	0	0	0	0	0	0	0	0	0	0	
124402	Clo2019_ID373	0	0	0	0	0	0	0	0	0	0	0	0	0	0	0	0	254	0	0	0	0	0	0	0	0	0	0	0	0	0	
124168	Clo2019_ID112	0	0	0	0	0	0	0	0	0	0	0	0	0	0	0	0	290	0	0	0	0	0	0	0	0	0	0	0	0	0	
123910	Clo2017_ID40	0	0	0	0	0	0	0	0	0	0	0	0	0	0	0	0	758	0	0	0	0	0	0	0	0	0	0	0	0	0	
123747	Clo2017_ID249	0	0	0	0	0	0	0	0	0	0	0	25	0	0	0	0	1395	0	0	0	0	0	0	0	0	0	209	0	0	0	
124431	Clo2019_ID405	0	0	0	0	0	0	0	0	0	0	0	0	0	0	0	0	435	0	0	0	0	0	0	0	0	294	0	0	0	0	
124046	Clo2017_ID537	0	0	0	0	0	0	0	0	0	0	0	0	0	0	0	0	0	383	0	0	0	0	0	0	0	0	0	0	0	0	
123844	Clo2017_ID34	0	0	0	0	0	0	0	0	0	0	0	0	0	0	0	0	0	316	0	0	0	0	0	0	0	0	0	0	0	0	
124081	Clo2017_ID56	0	0	0	0	0	0	0	0	0	0	0	0	0	0	0	0	0	782	0	0	0	0	0	0	0	0	0	0	0	0	
124115	Clo2017_ID60	0	0	0	0	0	0	0	0	0	0	0	0	0	0	0	0	0	1720	0	0	0	0	0	0	0	0	0	0	0	0	
124662	Clo2019_ID95	0	0	0	0	0	0	0	0	0	0	0	0	0	0	0	0	0	835	0	0	0	0	0	0	0	0	0	0	0	0	
124151	Clo2017_ID95	0	0	0	0	0	0	0	0	0	0	0	0	0	0	0	0	0	2573	0	0	0	0	0	0	0	0	0	0	0	0	
124421	Clo2019_ID393	0	0	0	0	0	0	0	0	0	0	0	0	0	0	0	0	0	0	208	0	0	0	0	0	0	0	0	0	0	0	
124230	Clo2019_ID178	0	0	0	0	0	0	0	0	0	0	0	0	0	0	0	0	0	0	0	0	0	0	0	0	0	0	234	0	0	0	
123967	Clo2017_ID462	0	0	0	0	0	0	0	0	0	0	0	0	0	0	0	0	0	0	0	2247	0	0	0	0	0	0	0	0	0	0	
123737	Clo2017_ID239	0	0	0	0	0	0	0	0	0	0	0	0	0	0	0	0	0	0	0	2348	0	0	0	0	0	0	0	0	0	0	
123828	Clo2017_ID335	0	0	0	0	0	0	0	0	0	0	0	0	0	0	0	0	0	0	0	4332	0	0	0	0	0	0	0	0	0	0	
124366	Clo2019_ID335	0	0	0	0	0	0	0	0	0	0	0	0	0	0	0	0	0	0	0	0	475	0	0	0	0	0	0	0	0	0	
124456	Clo2019_ID432	0	0	0	0	0	0	0	0	0	0	0	0	0	0	0	0	0	0	0	0	0	282	0	0	0	0	0	0	0	0	
124258	Clo2019_ID206	0	0	0	0	0	0	0	0	0	0	0	0	0	0	0	0	0	0	0	0	0	164	0	0	0	0	0	0	0	0	
123964	Clo2017_ID45	0	0	0	0	0	0	0	0	0	0	0	0	0	0	0	0	0	0	0	0	0	0	190	0	0	0	0	0	0	0	
124300	Clo2019_ID246	0	0	0	0	0	0	0	0	0	0	0	0	0	0	0	0	0	0	0	0	0	0	0	5268	0	0	0	0	0	0	
124231	Clo2019_ID179	0	0	0	0	0	0	0	0	0	0	0	0	0	0	0	0	0	0	0	0	0	0	0	532	0	0	0	0	0	0	
124642	Clo2019_ID73	0	0	0	0	0	0	0	0	0	0	0	0	0	0	0	0	0	0	0	0	0	0	0	0	0	0	0	0	0	0	
124610	Clo2019_ID577	0	0	0	0	0	0	0	0	0	0	0	0	0	0	0	0	0	0	0	0	0	0	0	0	0	0	0	0	0	0	
124603	Clo2019_ID570	0	0	0	0	0	0	0	0	0	0	0	0	0	0	0	0	0	0	0	0	0	0	0	0	0	0	0	0	0	0	
124590	Clo2019_ID558	0	0	0	0	0	0	0	0	0	0	0	0	0	0	0	0	0	0	0	0	0	0	0	0	0	0	0	0	0	0	
124492	Clo2019_ID465	0	0	0	0	0	0	0	0	0	0	0	0	0	0	0	0	0	0	0	0	0	0	0	0	0	0	0	0	0	0	
124490	Clo2019_ID463	0	0	0	0	0	0	0	0	0	0	0	0	0	0	0	0	0	0	0	0	0	0	0	0	0	0	0	0	0	0	
124488	Clo2019_ID461	0	0	0	0	0	0	0	0	0	0	0	0	0	0	0	0	0	0	0	0	0	0	0	0	0	0	0	0	0	0	
124479	Clo2019_ID453	0	0	0	0	0	0	0	0	0	0	0	0	0	0	0	0	0	0	0	0	0	0	0	0	0	0	0	0	0	0	
124478	Clo2019_ID452	0	0	0	0	0	0	0	0	0	0	0	0	0	0	0	0	0	0	0	0	0	0	0	0	0	0	0	0	0	0	
124477	Clo2019_ID451	0	0	0	0	0	0	0	0	0	0	0	0	0	0	0	0	0	0	0	0	0	0	0	0	0	0	0	0	0	0	
124476	Clo2019_ID450	0	0	0	0	0	0	0	0	0	0	0	0	0	0	0	0	0	0	0	0	0	0	0	0	0	0	0	0	0	0	
124474	Clo2019_ID449	0	0	0	0	0	0	0	0	0	0	0	0	0	0	0	0	0	0	0	0	0	0	0	0	0	0	0	0	0	0	
124471	Clo2019_ID446	0	0	0	0	0	0	0	0	0	0	0	0	0	0	0	0	0	0	0	0	0	0	0	0	0	0	0	0	0	0	
124466	Clo2019_ID441	0	0	0	0	0	0	0	0	0	0	0	0	0	0	0	0	0	0	0	0	0	0	0	0	0	0	0	0	0	0	
124465	Clo2019_ID440	0	0	0	0	0	0	0	0	0	0	0	0	0	0	0	0	0	0	0	0	0	0	0	0	0	0	0	0	0	0	
124463	Clo2019_ID439	0	0	0	0	0	0	0	0	0	0	0	0	0	0	0	0	0	0	0	0	0	0	0	0	0	0	0	0	0	0	
124462	Clo2019_ID438	0	0	0	0	0	0	0	0	0	0	0	0	0	0	0	0	0	0	0	0	0	0	0	0	0	0	0	0	0	0	
124461	Clo2019_ID437	0	0	0	0	0	0	0	0	0	0	0	0	0	0	0	0	0	0	0	0	0	0	0	0	0	0	0	0	0	0	
124460	Clo2019_ID436	0	0	0	0	0	0	0	0	0	0	0	0	0	0	0	0	0	0	0	0	0	0	0	0	0	0	0	0	0	0	
124458	Clo2019_ID434	0	0	0	0	0	0	0	0	0	0	0	0	0	0	0	0	0	0	0	0	0	0	0	0	0	0	0	0	0	0	
124452	Clo2019_ID429	0	0	0	0	0	0	0	0	0	0	0	0	0	0	0	0	0	0	0	0	0	0	0	0	0	0	0	0	0	0	
124451	Clo2019_ID428	0	0	0	0	0	0	0	0	0	0	0	0	0	0	0	0	0	0	0	0	0	0	0	0	0	0	0	0	0	0	
124450	Clo2019_ID427	0	0	0	0	0	0	0	0	0	0	0	0	0	0	0	0	0	0	0	0	0	0	0	0	0	0	0	0	0	0	
124446	Clo2019_ID423	0	0	0	0	0	0	0	0	0	0	0	0	0	0	0	0	0	0	0	0	0	0	0	0	0	0	0	0	0	0	
124445	Clo2019_ID422	0	0	0	0	0	0	0	0	0	0	0	0	0	0	0	0	0	0	0	0	0	0	0	0	0	0	0	0	0	0	
124443	Clo2019_ID420	0	0	0	0	0	0	0	0	0	0	0	0	0	0	0	0	0	0	0	0	0	0	0	0	0	0	0	0	0	0	
124439	Clo2019_ID417	0	0	0	0	0	0	0	0	0	0	0	0	0	0	0	0	0	0	0	0	0	0	0	0	0	0	0	0	0	0	
124438	Clo2019_ID416	0	0	0	0	0	0	0	0	0	0	0	0	0	0	0	0	0	0	0	0	0	0	0	0	0	0	0	0	0	0	
124437	Clo2019_ID414	0	0	0	0	0	0	0	0	0	0	0	0	0	0	0	0	0	0	0	0	0	0	0	0	0	0	0	0	0	0	
124436	Clo2019_ID413	0	0	0	0	0	0	0	0	0	0	0	0	0	0	0	0	0	0	0	0	0	0	0	0	0	0	0	0	0	0	
124432	Clo2019_ID406	0	0	0	0	0	0	0	0	0	0	0	0	0	0	0	0	0	0	0	0	0	0	0	0	0	0	0	0	0	0	
124430	Clo2019_ID404	0	0	0	0	0	0	0	0	0	0	0	0	0	0	0	0	0	0	0	0	0	0	0	0	0	0	0	0	0	0	
124426	Clo2019_ID398	0	0	0	0	0	0	0	0	0	0	0	0	0	0	0	0	0	0	0	0	0	0	0	0	0	0	0	0	0	0	
124425	Clo2019_ID397	0	0	0	0	0	0	0	0	0	0	0	0	0	0	0	0	0	0	0	0	0	0	0	0	0	0	0	0	0	0	
124423	Clo2019_ID395	0	0	0	0	0	0	0	0	0	0	0	0	0	0	0	0	0	0	0	0	0	0	0	0	0	0	0	0	0	0	
124419	Clo2019_ID391	0	0	0	0	0	0	0	0	0	0	0	0	0	0	0	0	0	0	0	0	0	0	0	0	0	0	0	0	0	0	
124417	Clo2019_ID389	0	0	0	0	0	0	0	0	0	0	0	0	0	0	0	0	0	0	0	0	0	0	0	0	0	0	0	0	0	0	
124413	Clo2019_ID385	0	0	0	0	0	0	0	0	0	0	0	0	0	0	0	0	0	0	0	0	0	0	0	0	0	0	0	0	0	0	
124411	Clo2019_ID383	0	0	0	0	0	0	0	0	0	0	0	0	0	0	0	0	0	0	0	0	0	0	0	0	0	0	0	0	0	0	
124406	Clo2019_ID378	0	0	0	0	0	0	0	0	0	0	0	0	0	0	0	0	0	0	0	0	0	0	0	0	0	0	0	0	0	0	
124401	Clo2019_ID372	0	0	0	0	0	0	0	0	0	0	0	0	0	0	0	0	0	0	0	0	0	0	0	0	0	0	0	0	0	0	
124400	Clo2019_ID371	0	0	0	0	0	0	0	0	0	0	0	0	0	0	0	0	0	0	0	0	0	0	0	0	0	0	0	0	0	0	
124399	Clo2019_ID370	0	0	0	0	0	0	0	0	0	0	0	0	0	0	0	0	0	0	0	0	0	0	0	0	0	0	0	0	0	0	
124382	Clo2019_ID354	0	0	0	0	0	0	0	0	0	0	0	0	0	0	0	0	0	0	0	0	0	0	0	0	0	0	0	0	0	0	
124379	Clo2019_ID34	0	0	0	0	0	0	0	0	0	0	0	0	0	0	0	0	0	0	0	0	0	0	0	0	0	0	0	0	0	0	
124378	Clo2019_ID349	0	0	0	0	0	0	0	0	0	0	0	0	0	0	0	0	0	0	0	0	0	0	0	0	0	0	0	0	0	0	
124364	Clo2019_ID333	0	0	0	0	0	0	0	0	0	0	0	0	0	0	0	0	0	0	0	0	0	0	0	0	0	0	0	0	0	0	
124360	Clo2019_ID32	0	0	0	0	0	0	0	0	0	0	0	0	0	0	0	0	0	0	0	0	0	0	0	0	0	0	0	0	0	0	
124353	Clo2019_ID323	0	0	0	0	0	0	0	0	0	0	0	0	0	0	0	0	0	0	0	0	0	0	0	0	0	0	0	0	0	0	
124333	Clo2019_ID29	0	0	0	0	0	0	0	0	0	0	0	0	0	0	0	0	0	0	0	0	0	0	0	0	0	0	0	0	0	0	
124317	Clo2019_ID268	0	0	0	0	0	0	0	0	0	0	0	0	0	0	0	0	0	0	0	0	0	0	0	0	0	0	0	0	0	0	
124316	Clo2019_ID267	0	0	0	0	0	0	0	0	0	0	0	0	0	0	0	0	0	0	0	0	0	0	0	0	0	0	0	0	0	0	
124314	Clo2019_ID265	0	0	0	0	0	0	0	0	0	0	0	0	0	0	0	0	0	0	0	0	0	0	0	0	0	0	0	0	0	0	
124293	Clo2019_ID239	0	0	0	0	0	0	0	0	0	0	0	0	0	0	0	0	0	0	0	0	0	0	0	0	0	0	0	0	0	0	
124280	Clo2019_ID226	0	0	0	0	0	0	0	0	0	0	0	0	0	0	0	0	0	0	0	0	0	0	0	0	0	0	0	0	0	0	
124279	Clo2019_ID225	0	0	0	0	0	0	0	0	0	0	0	0	0	0	0	0	0	0	0	0	0	0	0	0	0	0	0	0	0	0	
124276	Clo2019_ID222	0	0	0	0	0	0	0	0	0	0	0	0	0	0	0	0	0	0	0	0	0	0	0	0	0	0	0	0	0	0	
124267	Clo2019_ID214	0	0	0	0	0	0	0	0	0	0	0	0	0	0	0	0	0	0	0	0	0	0	0	0	0	0	0	0	0	0	
124266	Clo2019_ID213	0	0	0	0	0	0	0	0	0	0	0	0	0	0	0	0	0	0	0	0	0	0	0	0	0	0	0	0	0	0	
124264	Clo2019_ID211	0	0	0	0	0	0	0	0	0	0	0	0	0	0	0	0	0	0	0	0	0	0	0	0	0	0	0	0	0	0	
124260	Clo2019_ID208	0	0	0	0	0	0	0	0	0	0	0	0	0	0	0	0	0	0	0	0	0	0	0	0	0	0	0	0	0	0	
124256	Clo2019_ID204	0	0	0	0	0	0	0	0	0	0	0	0	0	0	0	0	0	0	0	0	0	0	0	0	0	0	0	0	0	0	
124255	Clo2019_ID203	0	0	0	0	0	0	0	0	0	0	0	0	0	0	0	0	0	0	0	0	0	0	0	0	0	0	0	0	0	0	
124238	Clo2019_ID187	0	0	0	0	0	0	0	0	0	0	0	0	0	0	0	0	0	0	0	0	0	0	0	0	0	0	0	0	0	0	
124226	Clo2019_ID172	0	0	0	0	0	0	0	0	0	0	0	0	0	0	0	0	0	0	0	0	0	0	0	0	0	0	0	0	0	0	
124213	Clo2019_ID157	0	0	0	0	0	0	0	0	0	0	0	0	0	0	0	0	0	0	0	0	0	0	0	0	0	0	0	0	0	0	
124207	Clo2019_ID151	0	0	0	0	0	0	0	0	0	0	0	0	0	0	0	0	0	0	0	0	0	0	0	0	0	0	0	0	0	0	
124191	Clo2019_ID137	0	0	0	0	0	0	0	0	0	0	0	0	0	0	0	0	0	0	0	0	0	0	0	0	0	0	0	0	0	0	
124187	Clo2019_ID133	0	0	0	0	0	0	0	0	0	0	0	0	0	0	0	0	0	0	0	0	0	0	0	0	0	0	0	0	0	0	
124185	Clo2019_ID131	0	0	0	0	0	0	0	0	0	0	0	0	0	0	0	0	0	0	0	0	0	0	0	0	0	0	0	0	0	0	
124180	Clo2019_ID125	0	0	0	0	0	0	0	0	0	0	0	0	0	0	0	0	0	0	0	0	0	0	0	0	0	0	0	0	0	0	
124179	Clo2019_ID124	0	0	0	0	0	0	0	0	0	0	0	0	0	0	0	0	0	0	0	0	0	0	0	0	0	0	0	0	0	0	
124167	Clo2019_ID110	0	0	0	0	0	0	0	0	0	0	0	0	0	0	0	0	0	0	0	0	0	0	0	0	0	0	0	0	0	0	
124156	Clo2017_ID9	0	0	0	0	0	0	0	0	0	0	0	0	0	0	0	0	0	0	0	0	0	0	0	0	0	0	0	0	0	0	
124145	Clo2017_ID8	0	0	0	0	0	0	0	0	0	0	0	0	0	0	0	0	0	0	0	0	0	0	0	0	0	0	0	0	0	0	
124136	Clo2017_ID7	0	0	0	0	0	0	0	0	0	0	0	0	0	0	0	0	0	0	0	0	0	0	0	0	0	0	0	0	0	0	
124135	Clo2017_ID79	0	0	0	0	0	0	0	0	0	0	0	0	0	0	0	0	0	0	0	0	0	0	0	0	0	0	0	0	0	0	
124125	Clo2017_ID6	0	0	0	0	0	0	0	0	0	0	0	0	0	0	0	0	0	0	0	0	0	0	0	0	0	0	0	0	0	0	
124122	Clo2017_ID67	0	0	0	0	0	0	0	0	0	0	0	0	0	0	0	0	0	0	0	0	0	0	0	0	0	0	0	0	0	0	
124119	Clo2017_ID64	0	0	0	0	0	0	0	0	0	0	0	0	0	0	0	0	0	0	0	0	0	0	0	0	0	0	0	0	0	0	
124113	Clo2017_ID5	0	0	0	0	0	0	0	0	0	0	0	0	0	0	0	0	0	0	0	0	0	0	0	0	0	0	0	0	0	0	
124063	Clo2017_ID553	0	0	0	0	0	0	0	0	0	0	0	0	0	0	0	0	0	0	0	0	0	0	0	0	0	0	0	0	0	0	
124039	Clo2017_ID530	0	0	0	0	0	0	0	0	0	0	0	0	0	0	0	0	0	0	0	0	0	0	0	0	0	0	0	0	0	0	
124021	Clo2017_ID514	0	0	0	0	0	0	0	0	0	0	0	0	0	0	0	0	0	0	0	0	0	0	0	0	0	0	0	0	0	0	
124005	Clo2017_ID4	0	0	0	0	0	0	0	0	0	0	0	0	0	0	0	0	0	0	0	0	0	0	0	0	0	0	0	0	0	0	
123915	Clo2017_ID414	0	0	0	0	0	0	0	0	0	0	0	0	0	0	0	0	0	0	0	0	0	0	0	0	0	0	0	0	0	0	
123900	Clo2017_ID3	0	0	0	0	0	0	0	0	0	0	0	0	0	0	0	0	0	0	0	0	0	0	0	0	0	0	0	0	0	0	
123896	Clo2017_ID397	0	0	0	0	0	0	0	0	0	0	0	0	0	0	0	0	0	0	0	0	0	0	0	0	0	0	0	0	0	0	
123877	Clo2017_ID37	0	0	0	0	0	0	0	0	0	0	0	0	0	0	0	0	0	0	0	0	0	0	0	0	0	0	0	0	0	0	
123833	Clo2017_ID33	0	0	0	0	0	0	0	0	0	0	0	0	0	0	0	0	0	0	0	0	0	0	0	0	0	0	0	0	0	0	
123813	Clo2017_ID31	0	0	0	0	0	0	0	0	0	0	0	0	0	0	0	0	0	0	0	0	0	0	0	0	0	0	0	0	0	0	
123807	Clo2017_ID314	0	0	0	0	0	0	0	0	0	0	0	0	0	0	0	0	0	0	0	0	0	0	0	0	0	0	0	0	0	0	
123793	Clo2017_ID2	0	0	0	0	0	0	0	0	0	0	0	0	0	0	0	0	0	0	0	0	0	0	0	0	0	0	0	0	0	0	
123792	Clo2017_ID29	0	0	0	0	0	0	0	0	0	0	0	0	0	0	0	0	0	0	0	0	0	0	0	0	0	0	0	0	0	0	
123785	Clo2017_ID293	0	0	0	0	0	0	0	0	0	0	0	0	0	0	0	0	0	0	0	0	0	0	0	0	0	0	0	0	0	0	
123771	Clo2017_ID27	0	0	0	0	0	0	0	0	0	0	0	0	0	0	0	0	0	0	0	0	0	0	0	0	0	0	0	0	0	0	
123742	Clo2017_ID244	0	0	0	0	0	0	0	0	0	0	0	0	0	0	0	0	0	0	0	0	0	0	0	0	0	0	0	0	0	0	
123679	Clo2017_ID187	0	0	0	0	0	0	0	0	0	0	0	0	0	0	0	0	0	0	0	0	0	0	0	0	0	0	0	0	0	0	
123663	Clo2017_ID172	0	0	0	0	0	0	0	0	0	0	0	0	0	0	0	0	0	0	0	0	0	0	0	0	0	0	0	0	0	0	
123636	Clo2017_ID147	0	0	0	0	0	0	0	0	0	0	0	0	0	0	0	0	0	0	0	0	0	0	0	0	0	0	0	0	0	0	
123633	Clo2017_ID139	0	0	0	0	0	0	0	0	0	0	0	0	0	0	0	0	0	0	0	0	0	0	0	0	0	0	0	0	0	0	
123621	Clo2017_ID127	0	0	0	0	0	0	0	0	0	0	0	0	0	0	0	0	0	0	0	0	0	0	0	0	0	0	0	0	0	0	
123613	Clo2017_ID11	0	0	0	0	0	0	0	0	0	0	0	0	0	0	0	0	0	0	0	0	0	0	0	0	0	0	0	0	0	0	
123603	Clo2017_ID10	0	0	0	0	0	0	0	0	0	0	0	0	0	0	0	0	0	0	0	0	0	0	0	0	0	0	0	0	0	0	
Sequence accession / SymPortal UID		62831/49066-41-38924-70818-70820-62836	62831-49066-41-70819-38924-70818-62836	62831/49066-62833-41-70819-70842-38924-70818-70846	49066/62831-41-70818-38924-70820-70927	62831/49066-41-38924-62836	62831-49066-41-38924-62836-70818-70820-471943-70991	62831/49066-41-38924-70818	49066/62831-41-38924-70820	62831-49066-62833-70819-70842-41-70822-70818	62831-49066-41-38924-62836-70849	62831/49066-41-70849-38924-70818		62831/49066-41-38924-70819-62836-70820	62831-49066-70819-41-38924-62836-70839	62831-49066-41-62833-70842-38924-70819-70846	62831/49066/41-62836-62834-70819-38924	62831-49066-41-70819-38924	62831-49066-62833-41-70819-70842-70818-38924	62831-49066-41-38924	62831-49066-62833-41-70819-70818-38924	62831-49066-41-517-38924-70818	62831/49066-41	62831-62833-49066	62831/49066-41-38924-42213	517-2	853/854-933-1674-70902	854/853-933-1674	853-854-933	853-854-933-1674-2582-944-1759-2587	854-853-933-1674-1660-70902	
Average defining sequence proportions and [stdev]		0.394[0.082]/0.346[0.070]-0.117[0.026]-0.045[0.012]-0.040[0.009]-0.031[0.010]-0.026[0.014]	0.544[0.097]-0.189[0.073]-0.109[0.035]-0.060[0.017]-0.054[0.021]-0.023[0.007]-0.021[0.008]	0.518[0.066]/0.158[0.063]-0.089[0.030]-0.070[0.037]-0.051[0.017]-0.036[0.013]-0.034[0.018]-0.031[0.014]-0.014[0.007]	0.362[0.048]/0.360[0.068]-0.129[0.019]-0.060[0.016]-0.035[0.010]-0.031[0.011]-0.023[0.009]	0.565[0.132]/0.248[0.113]-0.108[0.033]-0.052[0.017]-0.027[0.012]	0.421[0.048]-0.268[0.030]-0.107[0.030]-0.048[0.020]-0.043[0.015]-0.035[0.010]-0.028[0.007]-0.025[0.011]-0.025[0.010]	0.638[0.107]/0.180[0.075]-0.101[0.033]-0.045[0.021]-0.037[0.016]	0.432[0.088]/0.368[0.098]-0.117[0.026]-0.043[0.015]-0.040[0.009]	0.580[0.031]-0.106[0.025]-0.104[0.018]-0.059[0.014]-0.047[0.011]-0.042[0.017]-0.034[0.009]-0.028[0.010]	0.493[0.057]-0.261[0.057]-0.108[0.029]-0.056[0.017]-0.044[0.019]-0.038[0.016]	0.447[0.060]/0.294[0.053]-0.118[0.036]-0.055[0.016]-0.051[0.016]-0.036[0.011]	0.612[0.125]/0.388[0.125]	0.447[0.069]/0.283[0.065]-0.126[0.036]-0.053[0.011]-0.036[0.027]-0.031[0.015]-0.023[0.012]	0.444[0.038]-0.236[0.047]-0.103[0.049]-0.100[0.032]-0.052[0.013]-0.037[0.009]-0.028[0.014]	0.419[0.062]-0.254[0.050]-0.088[0.024]-0.057[0.018]-0.055[0.019]-0.043[0.017]-0.043[0.009]-0.041[0.015]	0.298[0.053]/0.248[0.027]/0.153[0.036]-0.124[0.026]-0.084[0.027]-0.046[0.012]-0.046[0.009]	0.593[0.092]-0.195[0.081]-0.092[0.035]-0.062[0.017]-0.059[0.033]	0.563[0.119]-0.132[0.054]-0.086[0.017]-0.085[0.074]-0.047[0.019]-0.038[0.019]-0.025[0.008]-0.024[0.009]	0.546[0.058]-0.268[0.084]-0.134[0.092]-0.052[0.041]	0.555[0.040]-0.181[0.046]-0.067[0.027]-0.064[0.017]-0.060[0.020]-0.041[0.022]-0.033[0.010]	0.501[0.022]-0.148[0.059]-0.145[0.049]-0.142[0.115]-0.037[0.018]-0.027[0.013]	0.455[0.178]/0.438[0.153]-0.107[0.042]	0.742[0.066]-0.140[0.026]-0.119[0.041]	0.535[0.201]/0.251[0.296]-0.154[0.085]-0.035[0.004]-0.025[0.014]	0.774[nan]-0.226[nan]	0.384[0.023]/0.374[0.026]-0.169[0.015]-0.051[0.008]-0.023[0.005]	0.419[0.025]/0.353[0.050]-0.147[0.019]-0.082[0.014]	0.398[nan]-0.388[nan]-0.214[nan]	0.390[nan]-0.350[nan]-0.151[nan]-0.044[nan]-0.034[nan]-0.014[nan]-0.010[nan]-0.007[nan]	0.369[nan]-0.353[nan]-0.161[nan]-0.053[nan]-0.038[nan]-0.026[nan]	
