ITS2 type profile UID		42974	42966	43243	42821	43003
Clade		C	C	C	C	C
Majority ITS2 sequence		C1d	C1d	C1d	C1	C1
Associated species		None	S. goreaui	None	S. goreaui	S. goreaui
ITS2 profile abundance local		29	18	13	7	3
ITS2 profile abundance DB		124	49	13	36	80
ITS2 type profile		C1d-C1bl-C42.2-C1-C1b	C1d/C1-C42.2-C1b-C3cg-C45c-C115k	C1d-C42.2-C1-C1bm-C1b-C3cg	C42.2/C1-C1b-C1au	C1/C42.2/C1b
77181	LarM2bz	24285.0	0	0	0	0
77206	RecM2dz	31182.0	0	0	0	0
77205	RecM2cz	29104.0	0	0	0	0
77207	RecM2ez	29643.0	0	0	0	0
77182	LarM2cz	27985.0	0	0	0	0
77157	AdM2az	35281.0	0	0	0	0
77200	RecM1cz	23591.0	0	0	0	0
77180	LarM2az	22122.0	0	0	0	0
77184	LarM2ez	19609.0	0	0	0	0
77183	LarM2dz	19850.0	0	0	0	0
77199	RecM1bz	26942.0	0	0	0	0
77178	LarM1dz	23828.0	0	0	0	0
77158	AdM2bz	32077.0	0	0	0	0
77176	LarM1bz	14871.0	0	0	0	0
77159	AdM2cz	26387.0	0	0	0	0
77203	RecM2az	36707.0	0	0	0	0
77155	AdM1dz	23246.0	0	0	0	0
77198	RecM1az	23751.0	0	0	0	0
77160	AdM2dz	27759.0	0	0	0	0
77161	AdM2ez	37052.0	0	0	0	0
77154	AdM1cz	29522.0	0	0	0	0
77153	AdM1bz	36252.0	0	0	0	0
77152	AdM1az	26647.0	0	0	0	0
77177	LarM1cz	20841.0	0	0	0	0
77201	RecM1dz	21054.0	0	0	0	0
77175	LarM1az	18474.0	0	0	0	0
77179	LarM1ez	18905.0	0	0	0	0
77204	RecM2bz	33365.0	0	0	0	0
77156	AdM1ez	25373.0	0	0	0	0
77194	LarO3az	0	17926.0	0	0	0
77171	AdO3az	0	33143.0	0	0	0
77210	RecO1cz	0	24751.0	0	0	0
77196	LarO3cz	0	23944.0	0	0	0
77221	RecO3dz	0	26688.0	0	0	0
77189	LarO1ez	0	20863.0	0	0	0
77186	LarO1bz	0	29139.0	0	0	0
77220	RecO3cz	0	29557.0	0	0	0
77212	RecO1ez	0	26986.0	0	0	0
77164	AdO1cz	0	36232.0	0	0	0
77208	RecO1az	0	26587.0	0	0	0
77172	AdO3bz	0	32194.0	0	0	0
77188	LarO1dz	0	18959.0	0	0	0
77218	RecO3az	0	23529.0	0	0	0
77187	LarO1cz	0	22329.0	0	0	0
77166	AdO1ez	0	26591.0	0	0	0
77185	LarO1az	0	31033.0	0	0	0
77195	LarO3bz	0	22106.0	0	0	0
77193	LarO2dz	0	0	26553.0	0	0
77191	LarO2bz	0	0	17611.0	0	0
77192	LarO2cz	0	0	17046.0	0	0
77190	LarO2az	0	0	17794.0	0	0
77168	AdO2bz	0	0	28312.0	0	0
77167	AdO2az	0	0	24844.0	0	0
77213	RecO2az	0	0	27229.0	0	0
77215	RecO2cz	0	0	18351.0	0	0
77216	RecO2dz	0	0	25570.0	0	0
77169	AdO2cz	0	0	35127.0	0	0
77214	RecO2bz	0	0	19047.0	0	0
77170	AdO2dz	0	0	28811.0	0	0
77217	RecO2ez	0	0	20461.0	0	0
77174	AdO3dz	0	0	0	5149.0	0
77173	AdO3cz	0	0	0	5040.0	0
77165	AdO1dz	0	0	0	5155.0	0
77197	LarO3dz	0	0	0	3701.0	0
77162	AdO1az	0	0	0	4273.0	0
77222	RecO3ez	0	0	0	3475.0	0
77163	AdO1bz	0	0	0	4783.0	0
77219	RecO3bz	0	0	0	0	4189.0
77211	RecO1dz	0	0	0	0	3428.0
77209	RecO1bz	0	0	0	0	3175.0
77202	RecM1ez	0	0	0	0	0
Sequence accession / SymPortal UID		106-43221-1-2-4	106-2-1-108-4-117-5	106-1-2-70998-4-108	2-1-4-20	2-1-4
Average defining sequence proportions and [stdev]		0.560[0.021]-0.225[0.011]-0.121[0.010]-0.071[0.014]-0.023[0.006]	0.755[0.031]-0.098[0.010]-0.086[0.012]-0.025[0.003]-0.019[0.007]-0.010[0.002]-0.008[0.001]	0.569[0.036]-0.167[0.010]-0.109[0.016]-0.095[0.011]-0.044[0.007]-0.016[0.002]	0.491[0.020]-0.399[0.024]-0.071[0.013]-0.039[0.003]	0.531[0.007]-0.375[0.026]-0.094[0.032]
