sample_uid	sample_name	raw_contigs	post_qc_absolute_seqs	post_qc_unique_seqs	post_taxa_id_absolute_symbiodinium_seqs	post_taxa_id_unique_symbiodinium_seqs	size_screening_violation_absolute	size_screening_violation_unique	post_taxa_id_absolute_non_symbiodinium_seqs	post_taxa_id_unique_non_symbiodinium_seqs	post_med_absolute	post_med_unique	noName Clade A	noName Clade B	noName Clade C	noName Clade D	noName Clade E	noName Clade F	noName Clade G	noName Clade H	noName Clade I	sample_type	host_phylum	host_class	host_order	host_family	host_genus	host_species	collection_latitude	collection_longitude	collection_date	collection_depth	C1d	C1bl	C42.2	C21	C1	C3	71003_C	C3cg	C1b	C1k	C3at	C1bi	114_C	C3db	C3b	C3av	C115k	110_C	C21af	C3dp	37676_C	21208_C	C3eg	C21e	41218_C	41217_C	C3ab	38920_C	24569_C	322_C	41216_C	41215_C	41226_C	71030_C	118_C	C1au	41221_C	C45c	71028_C	71029_C	43252_C	12_C	C1c	436490_C	23413_C	21709_C	54162_C	8129_C	41224_C	123_C	893_C	18746_C	41228_C	43224_C	307_C	C72k	102264_C	43240_C	70995_C	70996_C	15680_C	70997_C	115_C	71031_C	436491_C	14603_C	834_C	21931_C	C50f	C1al	C1w	849_C	C1j	C3u	42940_C
77271	Rec5_T3	27880	21793	672	21793	672	0	0	0	0	20743	11	0	0	423	0	0	0	0	0	0	coral - aquarium	Cnidaria	Anthozoa	Scleractinia	Pocilloporidae	Pocillopora	acuta	-19.26491400	147.05562100	08.05.2018	0m	13011	2702	2137	0	1320	0	281	322	283	245	0	169	142	0	0	0	131	0	0	0	0	0	0	0	0	0	0	0	0	0	0	0	0	0	0	0	0	0	0	0	0	0	0	0	0	0	0	0	0	0	0	0	0	0	0	0	0	0	0	0	0	0	0	0	0	0	0	0	0	0	0	0	0	0	0
77295	Rec11_T3	33474	26929	758	26929	758	0	0	0	0	25904	10	0	0	686	0	0	0	0	0	0	coral - aquarium	Cnidaria	Anthozoa	Scleractinia	Pocilloporidae	Pocillopora	acuta	-19.26491400	147.05562100	08.05.2020	0m	14578	5669	2725	0	1069	0	572	269	236	420	0	252	0	0	0	0	0	0	0	0	0	0	0	0	0	0	0	0	0	0	0	0	0	0	0	0	0	0	0	0	0	0	0	0	0	0	0	0	0	0	0	0	0	114	0	0	0	0	0	0	0	0	0	0	0	0	0	0	0	0	0	0	0	0	0
77264	Rec3_T4	29352	23487	720	23487	720	0	0	0	0	22567	10	0	0	627	0	0	0	0	0	0	coral - aquarium	Cnidaria	Anthozoa	Scleractinia	Pocilloporidae	Pocillopora	acuta	-19.26491400	147.05562100	06.06.2017	0m	12501	5030	2489	0	900	0	493	239	217	348	0	216	134	0	0	0	0	0	0	0	0	0	0	0	0	0	0	0	0	0	0	0	0	0	0	0	0	0	0	0	0	0	0	0	0	0	0	0	0	0	0	0	0	0	0	0	0	0	0	0	0	0	0	0	0	0	0	0	0	0	0	0	0	0	0
77268	Rec4_T4	27610	22117	687	22117	687	0	0	0	0	21213	10	0	0	558	0	0	0	0	0	0	coral - aquarium	Cnidaria	Anthozoa	Scleractinia	Pocilloporidae	Pocillopora	acuta	-19.26491400	147.05562100	06.06.2018	0m	11707	4681	2286	0	967	0	456	249	195	338	0	232	0	0	0	0	0	0	0	0	0	0	0	0	0	0	0	0	0	0	0	0	0	0	0	0	0	0	0	0	0	0	0	0	0	0	0	0	0	0	0	0	0	102	0	0	0	0	0	0	0	0	0	0	0	0	0	0	0	0	0	0	0	0	0
77256	Rec1_T4	27616	22168	655	22168	655	0	0	0	0	21335	10	0	0	563	0	0	0	0	0	0	coral - aquarium	Cnidaria	Anthozoa	Scleractinia	Pocilloporidae	Pocillopora	acuta	-19.26491400	147.05562100	06.06.2017	0m	11782	4557	2466	0	906	0	444	266	210	347	0	238	119	0	0	0	0	0	0	0	0	0	0	0	0	0	0	0	0	0	0	0	0	0	0	0	0	0	0	0	0	0	0	0	0	0	0	0	0	0	0	0	0	0	0	0	0	0	0	0	0	0	0	0	0	0	0	0	0	0	0	0	0	0	0
77299	Rec12_T3	53830	43205	1063	43205	1063	0	0	0	0	41030	10	0	0	1056	0	0	0	0	0	0	coral - aquarium	Cnidaria	Anthozoa	Scleractinia	Pocilloporidae	Pocillopora	acuta	-19.26491400	147.05562100	08.05.2020	0m	22482	8654	4537	0	2117	0	855	539	478	667	0	500	0	0	0	0	0	201	0	0	0	0	0	0	0	0	0	0	0	0	0	0	0	0	0	0	0	0	0	0	0	0	0	0	0	0	0	0	0	0	0	0	0	0	0	0	0	0	0	0	0	0	0	0	0	0	0	0	0	0	0	0	0	0	0
77257	Rec2_T1	41746	33956	833	33956	833	0	0	0	0	32725	10	0	0	960	0	0	0	0	0	0	coral - aquarium	Cnidaria	Anthozoa	Scleractinia	Pocilloporidae	Pocillopora	acuta	-19.26491400	147.05562100	11.04.2017	0m	17581	7201	3611	0	1676	0	706	414	413	551	0	318	254	0	0	0	0	0	0	0	0	0	0	0	0	0	0	0	0	0	0	0	0	0	0	0	0	0	0	0	0	0	0	0	0	0	0	0	0	0	0	0	0	0	0	0	0	0	0	0	0	0	0	0	0	0	0	0	0	0	0	0	0	0	0
77294	Rec11_T2	53570	42781	1043	42781	1043	0	0	0	0	40842	10	0	0	1138	0	0	0	0	0	0	coral - aquarium	Cnidaria	Anthozoa	Scleractinia	Pocilloporidae	Pocillopora	acuta	-19.26491400	147.05562100	17.04.2020	0m	22544	8848	4174	0	1977	0	872	567	460	696	0	438	0	0	0	0	0	266	0	0	0	0	0	0	0	0	0	0	0	0	0	0	0	0	0	0	0	0	0	0	0	0	0	0	0	0	0	0	0	0	0	0	0	0	0	0	0	0	0	0	0	0	0	0	0	0	0	0	0	0	0	0	0	0	0
77275	Rec6_T3	39418	31210	872	31210	872	0	0	0	0	29781	10	0	0	876	0	0	0	0	0	0	coral - aquarium	Cnidaria	Anthozoa	Scleractinia	Pocilloporidae	Pocillopora	acuta	-19.26491400	147.05562100	08.05.2018	0m	16288	6610	2773	0	1599	0	737	441	420	466	0	308	0	0	0	0	0	139	0	0	0	0	0	0	0	0	0	0	0	0	0	0	0	0	0	0	0	0	0	0	0	0	0	0	0	0	0	0	0	0	0	0	0	0	0	0	0	0	0	0	0	0	0	0	0	0	0	0	0	0	0	0	0	0	0
77255	Rec1_T3	42164	33756	915	33756	915	0	0	0	0	31888	10	0	0	889	0	0	0	0	0	0	coral - aquarium	Cnidaria	Anthozoa	Scleractinia	Pocilloporidae	Pocillopora	acuta	-19.26491400	147.05562100	08.05.2017	0m	17603	7042	3159	0	1494	0	743	467	343	511	0	380	0	0	0	0	0	146	0	0	0	0	0	0	0	0	0	0	0	0	0	0	0	0	0	0	0	0	0	0	0	0	0	0	0	0	0	0	0	0	0	0	0	0	0	0	0	0	0	0	0	0	0	0	0	0	0	0	0	0	0	0	0	0	0
77252	PociE_T4	32839	26141	763	26141	763	0	0	0	0	24751	10	0	0	665	0	0	0	0	0	0	coral - aquarium	Cnidaria	Anthozoa	Scleractinia	Pocilloporidae	Pocillopora	acuta	-19.12994800	146.84138200	06.06.2017	3-5m	13678	5115	2699	0	1244	0	516	396	268	392	0	294	0	0	0	0	0	149	0	0	0	0	0	0	0	0	0	0	0	0	0	0	0	0	0	0	0	0	0	0	0	0	0	0	0	0	0	0	0	0	0	0	0	0	0	0	0	0	0	0	0	0	0	0	0	0	0	0	0	0	0	0	0	0	0
77259	Rec2_T3	62683	50292	1204	50292	1204	0	0	0	0	47887	10	0	0	1432	0	0	0	0	0	0	coral - aquarium	Cnidaria	Anthozoa	Scleractinia	Pocilloporidae	Pocillopora	acuta	-19.26491400	147.05562100	08.05.2017	0m	25791	10829	4743	0	2529	0	1164	653	578	783	0	549	0	0	0	0	0	268	0	0	0	0	0	0	0	0	0	0	0	0	0	0	0	0	0	0	0	0	0	0	0	0	0	0	0	0	0	0	0	0	0	0	0	0	0	0	0	0	0	0	0	0	0	0	0	0	0	0	0	0	0	0	0	0	0
77270	Rec5_T2	32517	25495	736	25495	736	0	0	0	0	24236	10	0	0	736	0	0	0	0	0	0	coral - aquarium	Cnidaria	Anthozoa	Scleractinia	Pocilloporidae	Pocillopora	acuta	-19.26491400	147.05562100	17.04.2018	0m	13207	5114	2312	0	1537	0	613	411	332	326	0	261	0	0	0	0	0	123	0	0	0	0	0	0	0	0	0	0	0	0	0	0	0	0	0	0	0	0	0	0	0	0	0	0	0	0	0	0	0	0	0	0	0	0	0	0	0	0	0	0	0	0	0	0	0	0	0	0	0	0	0	0	0	0	0
77298	Rec12_T2	40690	32535	902	32535	902	0	0	0	0	30920	10	0	0	860	0	0	0	0	0	0	coral - aquarium	Cnidaria	Anthozoa	Scleractinia	Pocilloporidae	Pocillopora	acuta	-19.26491400	147.05562100	17.04.2020	0m	16802	6602	3325	0	1618	0	660	389	331	573	0	420	0	0	0	0	0	200	0	0	0	0	0	0	0	0	0	0	0	0	0	0	0	0	0	0	0	0	0	0	0	0	0	0	0	0	0	0	0	0	0	0	0	0	0	0	0	0	0	0	0	0	0	0	0	0	0	0	0	0	0	0	0	0	0
77283	Rec8_T3	34569	27408	826	27408	826	0	0	0	0	26213	11	0	0	882	0	0	0	0	0	0	coral - aquarium	Cnidaria	Anthozoa	Scleractinia	Pocilloporidae	Pocillopora	acuta	-19.26491400	147.05562100	08.05.2019	0m	14258	5836	2591	0	1329	0	602	348	273	434	0	262	135	0	0	0	0	145	0	0	0	0	0	0	0	0	0	0	0	0	0	0	0	0	0	0	0	0	0	0	0	0	0	0	0	0	0	0	0	0	0	0	0	0	0	0	0	0	0	0	0	0	0	0	0	0	0	0	0	0	0	0	0	0	0
77303	Rec13_T3	41041	32855	875	32855	875	0	0	0	0	31065	11	0	0	870	0	0	0	0	0	0	coral - aquarium	Cnidaria	Anthozoa	Scleractinia	Pocilloporidae	Pocillopora	acuta	-19.26491400	147.05562100	08.05.2021	0m	17193	6966	2896	0	1366	0	716	474	346	509	0	304	0	0	0	0	141	154	0	0	0	0	0	0	0	0	0	0	0	0	0	0	0	0	0	0	0	0	0	0	0	0	0	0	0	0	0	0	0	0	0	0	0	0	0	0	0	0	0	0	0	0	0	0	0	0	0	0	0	0	0	0	0	0	0
77291	Rec10_T3	52557	41437	1068	41437	1068	0	0	0	0	39089	11	0	0	1009	0	0	0	0	0	0	coral - aquarium	Cnidaria	Anthozoa	Scleractinia	Pocilloporidae	Pocillopora	acuta	-19.26491400	147.05562100	08.05.2020	0m	21207	8325	4642	0	1603	0	782	525	403	725	0	446	0	0	0	0	204	227	0	0	0	0	0	0	0	0	0	0	0	0	0	0	0	0	0	0	0	0	0	0	0	0	0	0	0	0	0	0	0	0	0	0	0	0	0	0	0	0	0	0	0	0	0	0	0	0	0	0	0	0	0	0	0	0	0
77296	Rec11_T4	21307	15644	514	15644	514	0	0	0	0	14785	11	0	0	506	0	0	0	0	0	0	coral - aquarium	Cnidaria	Anthozoa	Scleractinia	Pocilloporidae	Pocillopora	acuta	-19.26491400	147.05562100	06.06.2020	0m	7946	2992	1689	0	871	0	317	209	180	234	0	158	122	0	0	0	0	67	0	0	0	0	0	0	0	0	0	0	0	0	0	0	0	0	0	0	0	0	0	0	0	0	0	0	0	0	0	0	0	0	0	0	0	0	0	0	0	0	0	0	0	0	0	0	0	0	0	0	0	0	0	0	0	0	0
77308	Rec14_T4	22922	17933	542	17933	542	0	0	0	0	17095	11	0	0	524	0	0	0	0	0	0	coral - aquarium	Cnidaria	Anthozoa	Scleractinia	Pocilloporidae	Pocillopora	acuta	-19.26491400	147.05562100	06.06.2021	0m	9236	3484	1944	0	949	0	334	283	196	268	0	211	109	0	0	0	0	81	0	0	0	0	0	0	0	0	0	0	0	0	0	0	0	0	0	0	0	0	0	0	0	0	0	0	0	0	0	0	0	0	0	0	0	0	0	0	0	0	0	0	0	0	0	0	0	0	0	0	0	0	0	0	0	0	0
77300	Rec12_T4	27398	21829	664	21829	664	0	0	0	0	20775	11	0	0	658	0	0	0	0	0	0	coral - aquarium	Cnidaria	Anthozoa	Scleractinia	Pocilloporidae	Pocillopora	acuta	-19.26491400	147.05562100	06.06.2020	0m	11210	4259	2322	0	1162	0	437	307	256	342	0	259	130	0	0	0	0	91	0	0	0	0	0	0	0	0	0	0	0	0	0	0	0	0	0	0	0	0	0	0	0	0	0	0	0	0	0	0	0	0	0	0	0	0	0	0	0	0	0	0	0	0	0	0	0	0	0	0	0	0	0	0	0	0	0
77307	Rec14_T3	24147	18996	611	18996	611	0	0	0	0	18045	11	0	0	504	0	0	0	0	0	0	coral - aquarium	Cnidaria	Anthozoa	Scleractinia	Pocilloporidae	Pocillopora	acuta	-19.26491400	147.05562100	08.05.2021	0m	9800	4065	1667	0	874	0	415	298	271	295	0	180	0	0	0	0	91	89	0	0	0	0	0	0	0	0	0	0	0	0	0	0	0	0	0	0	0	0	0	0	0	0	0	0	0	0	0	0	0	0	0	0	0	0	0	0	0	0	0	0	0	0	0	0	0	0	0	0	0	0	0	0	0	0	0
77311	Rec15_T3	26306	20520	652	20520	652	0	0	0	0	19385	11	0	0	519	0	0	0	0	0	0	coral - aquarium	Cnidaria	Anthozoa	Scleractinia	Pocilloporidae	Pocillopora	acuta	-19.26491400	147.05562100	08.05.2021	0m	10613	4217	1893	0	939	0	412	313	253	311	0	213	0	0	0	0	114	107	0	0	0	0	0	0	0	0	0	0	0	0	0	0	0	0	0	0	0	0	0	0	0	0	0	0	0	0	0	0	0	0	0	0	0	0	0	0	0	0	0	0	0	0	0	0	0	0	0	0	0	0	0	0	0	0	0
77254	Rec1_T2	31580	24985	732	24985	732	0	0	0	0	23524	11	0	0	619	0	0	0	0	0	0	coral - aquarium	Cnidaria	Anthozoa	Scleractinia	Pocilloporidae	Pocillopora	acuta	-19.26491400	147.05562100	17.04.2017	0m	12742	4918	2571	0	1179	0	509	362	318	426	0	281	0	0	0	0	108	110	0	0	0	0	0	0	0	0	0	0	0	0	0	0	0	0	0	0	0	0	0	0	0	0	0	0	0	0	0	0	0	0	0	0	0	0	0	0	0	0	0	0	0	0	0	0	0	0	0	0	0	0	0	0	0	0	0
77309	Rec15_T1	32590	25834	783	25834	783	0	0	0	0	24597	11	0	0	799	0	0	0	0	0	0	coral - aquarium	Cnidaria	Anthozoa	Scleractinia	Pocilloporidae	Pocillopora	acuta	-19.26491400	147.05562100	11.04.2021	0m	13499	5091	2654	0	1204	0	552	332	259	430	0	329	0	0	0	0	0	138	0	0	0	0	0	0	0	0	0	0	0	0	0	0	0	0	0	0	0	0	0	0	0	0	0	0	0	0	0	0	0	0	0	0	0	109	0	0	0	0	0	0	0	0	0	0	0	0	0	0	0	0	0	0	0	0	0
77258	Rec2_T2	26850	20924	674	20924	674	0	0	0	0	19985	11	0	0	637	0	0	0	0	0	0	coral - aquarium	Cnidaria	Anthozoa	Scleractinia	Pocilloporidae	Pocillopora	acuta	-19.26491400	147.05562100	17.04.2017	0m	10930	4177	2042	0	1041	0	437	318	257	343	0	240	104	0	0	0	0	96	0	0	0	0	0	0	0	0	0	0	0	0	0	0	0	0	0	0	0	0	0	0	0	0	0	0	0	0	0	0	0	0	0	0	0	0	0	0	0	0	0	0	0	0	0	0	0	0	0	0	0	0	0	0	0	0	0
77304	Rec13_T4	16020	12306	441	12306	441	0	0	0	0	11775	12	0	0	424	0	0	0	0	0	0	coral - aquarium	Cnidaria	Anthozoa	Scleractinia	Pocilloporidae	Pocillopora	acuta	-19.26491400	147.05562100	06.06.2021	0m	6379	2463	1243	0	658	0	243	170	120	178	0	140	71	0	0	0	0	51	0	0	0	0	0	0	0	0	0	0	0	0	0	0	0	0	0	0	0	0	0	0	0	0	0	0	0	0	0	0	0	59	0	0	0	0	0	0	0	0	0	0	0	0	0	0	0	0	0	0	0	0	0	0	0	0	0
77262	Rec3_T2	35863	28385	812	28385	812	0	0	0	0	26822	11	0	0	755	0	0	0	0	0	0	coral - aquarium	Cnidaria	Anthozoa	Scleractinia	Pocilloporidae	Pocillopora	acuta	-19.26491400	147.05562100	17.04.2017	0m	14797	5765	2578	0	1237	0	597	471	367	419	0	295	0	0	0	0	138	158	0	0	0	0	0	0	0	0	0	0	0	0	0	0	0	0	0	0	0	0	0	0	0	0	0	0	0	0	0	0	0	0	0	0	0	0	0	0	0	0	0	0	0	0	0	0	0	0	0	0	0	0	0	0	0	0	0
77266	Rec4_T2	25324	19681	641	19681	641	0	0	0	0	18848	11	0	0	654	0	0	0	0	0	0	coral - aquarium	Cnidaria	Anthozoa	Scleractinia	Pocilloporidae	Pocillopora	acuta	-19.26491400	147.05562100	17.04.2018	0m	10229	4111	1717	0	1084	0	439	353	246	255	0	199	104	0	0	0	0	111	0	0	0	0	0	0	0	0	0	0	0	0	0	0	0	0	0	0	0	0	0	0	0	0	0	0	0	0	0	0	0	0	0	0	0	0	0	0	0	0	0	0	0	0	0	0	0	0	0	0	0	0	0	0	0	0	0
77263	Rec3_T3	23817	18437	611	18437	611	0	0	0	0	17469	12	0	0	533	0	0	0	0	0	0	coral - aquarium	Cnidaria	Anthozoa	Scleractinia	Pocilloporidae	Pocillopora	acuta	-19.26491400	147.05562100	08.05.2017	0m	9436	3570	1911	0	946	0	352	306	229	284	0	170	0	0	0	0	84	102	0	0	0	0	0	0	0	0	0	0	0	79	0	0	0	0	0	0	0	0	0	0	0	0	0	0	0	0	0	0	0	0	0	0	0	0	0	0	0	0	0	0	0	0	0	0	0	0	0	0	0	0	0	0	0	0	0
77282	Rec8_T2	37427	29097	840	29097	840	0	0	0	0	27733	12	0	0	891	0	0	0	0	0	0	coral - aquarium	Cnidaria	Anthozoa	Scleractinia	Pocilloporidae	Pocillopora	acuta	-19.26491400	147.05562100	17.04.2019	0m	15116	5895	2775	0	1360	0	620	462	400	443	0	273	0	0	0	0	118	142	0	0	0	0	0	0	0	0	0	0	0	0	0	0	0	0	0	0	0	0	0	0	0	0	0	0	0	0	0	0	0	0	0	0	0	129	0	0	0	0	0	0	0	0	0	0	0	0	0	0	0	0	0	0	0	0	0
77301	Rec13_T1	53936	43741	825	43741	825	0	0	0	0	42025	13	0	0	2224	0	0	0	0	0	0	coral - aquarium	Cnidaria	Anthozoa	Scleractinia	Pocilloporidae	Pocillopora	acuta	-19.26491400	147.05562100	11.04.2021	0m	32684	192	2349	0	2948	0	0	593	535	0	0	0	356	0	0	0	0	0	0	0	0	0	0	0	0	0	0	0	0	0	0	0	0	0	0	0	0	271	0	0	0	0	0	0	0	0	0	0	0	0	0	0	0	0	0	0	0	0	567	544	0	462	0	0	0	0	0	295	0	0	0	0	229	0	0
77287	Rec9_T3	46448	36966	991	36966	991	0	0	0	0	34758	11	0	0	955	0	0	0	0	0	0	coral - aquarium	Cnidaria	Anthozoa	Scleractinia	Pocilloporidae	Pocillopora	acuta	-19.26491400	147.05562100	08.05.2019	0m	18626	7110	3810	0	1938	0	769	664	506	576	0	378	0	0	0	0	195	186	0	0	0	0	0	0	0	0	0	0	0	0	0	0	0	0	0	0	0	0	0	0	0	0	0	0	0	0	0	0	0	0	0	0	0	0	0	0	0	0	0	0	0	0	0	0	0	0	0	0	0	0	0	0	0	0	0
77278	Rec7_T2	30792	23924	781	23924	781	0	0	0	0	22502	11	0	0	598	0	0	0	0	0	0	coral - aquarium	Cnidaria	Anthozoa	Scleractinia	Pocilloporidae	Pocillopora	acuta	-19.26491400	147.05562100	17.04.2019	0m	12163	4712	2238	0	1205	0	458	437	387	404	0	230	0	0	0	0	128	140	0	0	0	0	0	0	0	0	0	0	0	0	0	0	0	0	0	0	0	0	0	0	0	0	0	0	0	0	0	0	0	0	0	0	0	0	0	0	0	0	0	0	0	0	0	0	0	0	0	0	0	0	0	0	0	0	0
77288	Rec9_T4	40243	32160	870	32160	870	0	0	0	0	30479	11	0	0	915	0	0	0	0	0	0	coral - aquarium	Cnidaria	Anthozoa	Scleractinia	Pocilloporidae	Pocillopora	acuta	-19.26491400	147.05562100	06.06.2019	0m	16768	6647	2915	0	1345	0	731	486	368	503	0	399	0	0	0	0	133	184	0	0	0	0	0	0	0	0	0	0	0	0	0	0	0	0	0	0	0	0	0	0	0	0	0	0	0	0	0	0	0	0	0	0	0	0	0	0	0	0	0	0	0	0	0	0	0	0	0	0	0	0	0	0	0	0	0
77306	Rec14_T2	49534	40313	955	40313	955	0	0	0	0	38425	11	0	0	1148	0	0	0	0	0	0	coral - aquarium	Cnidaria	Anthozoa	Scleractinia	Pocilloporidae	Pocillopora	acuta	-19.26491400	147.05562100	17.04.2021	0m	19442	7984	4836	0	2494	0	817	711	597	608	0	412	331	0	0	0	193	0	0	0	0	0	0	0	0	0	0	0	0	0	0	0	0	0	0	0	0	0	0	0	0	0	0	0	0	0	0	0	0	0	0	0	0	0	0	0	0	0	0	0	0	0	0	0	0	0	0	0	0	0	0	0	0	0	0
77260	Rec2_T4	33294	26892	725	26892	725	0	0	0	0	25614	12	0	0	817	0	0	0	0	0	0	coral - aquarium	Cnidaria	Anthozoa	Scleractinia	Pocilloporidae	Pocillopora	acuta	-19.26491400	147.05562100	06.06.2017	0m	13979	5719	2500	0	1065	0	586	365	292	459	0	303	0	0	0	0	115	119	0	0	0	0	0	0	0	0	0	0	0	0	0	0	0	0	0	0	0	0	0	0	0	0	0	0	0	0	0	0	0	0	0	0	0	112	0	0	0	0	0	0	0	0	0	0	0	0	0	0	0	0	0	0	0	0	0
77284	Rec8_T4	42951	34515	878	34515	878	0	0	0	0	32464	12	0	0	1041	0	0	0	0	0	0	coral - aquarium	Cnidaria	Anthozoa	Scleractinia	Pocilloporidae	Pocillopora	acuta	-19.26491400	147.05562100	06.06.2019	0m	17267	6695	3558	0	1776	0	681	540	450	605	0	388	204	0	0	0	144	156	0	0	0	0	0	0	0	0	0	0	0	0	0	0	0	0	0	0	0	0	0	0	0	0	0	0	0	0	0	0	0	0	0	0	0	0	0	0	0	0	0	0	0	0	0	0	0	0	0	0	0	0	0	0	0	0	0
77290	Rec10_T2	54245	43390	1088	43390	1088	0	0	0	0	41126	12	0	0	1383	0	0	0	0	0	0	coral - aquarium	Cnidaria	Anthozoa	Scleractinia	Pocilloporidae	Pocillopora	acuta	-19.26491400	147.05562100	17.04.2020	0m	22038	8652	4243	0	2145	0	858	644	572	730	0	491	0	0	0	0	228	317	0	0	0	0	0	0	0	0	0	0	0	0	0	0	0	0	0	0	0	0	0	0	0	0	0	0	0	0	0	0	0	208	0	0	0	0	0	0	0	0	0	0	0	0	0	0	0	0	0	0	0	0	0	0	0	0	0
77249	PociD_T4	17463	13717	433	13717	433	0	0	0	0	12937	11	0	0	456	0	0	0	0	0	0	coral - aquarium	Cnidaria	Anthozoa	Scleractinia	Pocilloporidae	Pocillopora	acuta	-19.12994800	146.84138200	06.06.2017	3-5m	6503	2509	1802	0	811	0	275	218	215	214	0	137	181	0	0	0	72	0	0	0	0	0	0	0	0	0	0	0	0	0	0	0	0	0	0	0	0	0	0	0	0	0	0	0	0	0	0	0	0	0	0	0	0	0	0	0	0	0	0	0	0	0	0	0	0	0	0	0	0	0	0	0	0	0	0
77310	Rec15_T2	24050	18689	636	18689	636	0	0	0	0	17734	12	0	0	593	0	0	0	0	0	0	coral - aquarium	Cnidaria	Anthozoa	Scleractinia	Pocilloporidae	Pocillopora	acuta	-19.26491400	147.05562100	17.04.2021	0m	9702	3616	1759	0	898	0	376	287	251	333	0	207	99	0	0	0	88	118	0	0	0	0	0	0	0	0	0	0	0	0	0	0	0	0	0	0	0	0	0	0	0	0	0	0	0	0	0	0	0	0	0	0	0	0	0	0	0	0	0	0	0	0	0	0	0	0	0	0	0	0	0	0	0	0	0
77245	PociC_T3	23648	18694	575	18694	575	0	0	0	0	17450	12	0	0	619	0	0	0	0	0	0	coral - aquarium	Cnidaria	Anthozoa	Scleractinia	Pocilloporidae	Pocillopora	acuta	-19.12994800	146.84138200	08.05.2017	3-5m	8667	3294	2343	0	1315	0	294	345	347	260	0	169	247	0	0	0	91	0	0	0	0	0	0	0	0	0	0	0	0	0	0	0	0	0	0	0	0	0	0	0	0	78	0	0	0	0	0	0	0	0	0	0	0	0	0	0	0	0	0	0	0	0	0	0	0	0	0	0	0	0	0	0	0	0	0
77247	PociD_T2	42457	34206	911	34206	911	0	0	0	0	32005	11	0	0	1112	0	0	0	0	0	0	coral - aquarium	Cnidaria	Anthozoa	Scleractinia	Pocilloporidae	Pocillopora	acuta	-19.12994800	146.84138200	17.04.2017	3-5m	15639	6082	4675	0	2299	0	570	628	580	491	0	324	542	0	0	0	175	0	0	0	0	0	0	0	0	0	0	0	0	0	0	0	0	0	0	0	0	0	0	0	0	0	0	0	0	0	0	0	0	0	0	0	0	0	0	0	0	0	0	0	0	0	0	0	0	0	0	0	0	0	0	0	0	0	0
77279	Rec7_T3	30238	23086	741	23086	741	0	0	0	0	21669	12	0	0	685	0	0	0	0	0	0	coral - aquarium	Cnidaria	Anthozoa	Scleractinia	Pocilloporidae	Pocillopora	acuta	-19.26491400	147.05562100	08.05.2019	0m	11392	4444	2322	0	1304	0	434	443	357	345	0	241	127	0	0	0	136	124	0	0	0	0	0	0	0	0	0	0	0	0	0	0	0	0	0	0	0	0	0	0	0	0	0	0	0	0	0	0	0	0	0	0	0	0	0	0	0	0	0	0	0	0	0	0	0	0	0	0	0	0	0	0	0	0	0
77302	Rec13_T2	50528	41312	966	41312	966	0	0	0	0	39012	12	0	0	1276	0	0	0	0	0	0	coral - aquarium	Cnidaria	Anthozoa	Scleractinia	Pocilloporidae	Pocillopora	acuta	-19.26491400	147.05562100	17.04.2021	0m	20294	8004	4423	0	2306	0	776	755	588	674	0	484	313	0	0	0	208	187	0	0	0	0	0	0	0	0	0	0	0	0	0	0	0	0	0	0	0	0	0	0	0	0	0	0	0	0	0	0	0	0	0	0	0	0	0	0	0	0	0	0	0	0	0	0	0	0	0	0	0	0	0	0	0	0	0
77276	Rec6_T4	22487	17555	532	17555	532	0	0	0	0	16542	12	0	0	590	0	0	0	0	0	0	coral - aquarium	Cnidaria	Anthozoa	Scleractinia	Pocilloporidae	Pocillopora	acuta	-19.26491400	147.05562100	06.06.2018	0m	8517	3249	1965	0	1029	0	336	321	293	285	0	201	184	0	0	0	92	70	0	0	0	0	0	0	0	0	0	0	0	0	0	0	0	0	0	0	0	0	0	0	0	0	0	0	0	0	0	0	0	0	0	0	0	0	0	0	0	0	0	0	0	0	0	0	0	0	0	0	0	0	0	0	0	0	0
77267	Rec4_T3	25301	19478	630	19478	630	0	0	0	0	18377	11	0	0	501	0	0	0	0	0	0	coral - aquarium	Cnidaria	Anthozoa	Scleractinia	Pocilloporidae	Pocillopora	acuta	-19.26491400	147.05562100	08.05.2018	0m	9581	3701	1928	0	1170	0	391	447	338	351	0	214	0	0	0	0	146	110	0	0	0	0	0	0	0	0	0	0	0	0	0	0	0	0	0	0	0	0	0	0	0	0	0	0	0	0	0	0	0	0	0	0	0	0	0	0	0	0	0	0	0	0	0	0	0	0	0	0	0	0	0	0	0	0	0
77293	Rec11_T1	39204	31017	861	31017	861	0	0	0	0	29319	12	0	0	821	0	0	0	0	0	0	coral - aquarium	Cnidaria	Anthozoa	Scleractinia	Pocilloporidae	Pocillopora	acuta	-19.26491400	147.05562100	11.04.2020	0m	14163	5754	3888	0	2217	0	543	718	646	379	0	338	278	0	0	0	235	0	0	0	0	0	0	0	0	0	0	0	0	0	0	0	0	0	0	160	0	0	0	0	0	0	0	0	0	0	0	0	0	0	0	0	0	0	0	0	0	0	0	0	0	0	0	0	0	0	0	0	0	0	0	0	0	0	0
77305	Rec14_T1	41390	34150	788	34150	788	0	0	0	0	31921	12	0	0	1176	0	0	0	0	0	0	coral - aquarium	Cnidaria	Anthozoa	Scleractinia	Pocilloporidae	Pocillopora	acuta	-19.26491400	147.05562100	11.04.2021	0m	15690	6380	3788	0	2502	0	711	674	669	442	0	400	297	0	0	0	200	168	0	0	0	0	0	0	0	0	0	0	0	0	0	0	0	0	0	0	0	0	0	0	0	0	0	0	0	0	0	0	0	0	0	0	0	0	0	0	0	0	0	0	0	0	0	0	0	0	0	0	0	0	0	0	0	0	0
77280	Rec7_T4	20432	15972	555	15972	555	0	0	0	0	15223	14	0	0	550	0	0	0	0	0	0	coral - aquarium	Cnidaria	Anthozoa	Scleractinia	Pocilloporidae	Pocillopora	acuta	-19.26491400	147.05562100	06.06.2019	0m	8197	3035	1654	0	718	97	287	254	216	249	0	159	107	0	0	0	94	89	0	0	0	0	0	0	0	0	0	0	0	0	0	0	0	0	0	0	0	0	0	0	0	0	0	0	0	0	0	0	0	67	0	0	0	0	0	0	0	0	0	0	0	0	0	0	0	0	0	0	0	0	0	0	0	0	0
77244	PociC_T2	34148	27399	776	27399	776	0	0	0	0	25889	12	0	0	832	0	0	0	0	0	0	coral - aquarium	Cnidaria	Anthozoa	Scleractinia	Pocilloporidae	Pocillopora	acuta	-19.12994800	146.84138200	17.04.2017	3-5m	12265	4766	3841	0	2115	155	473	589	511	379	0	288	359	0	0	0	148	0	0	0	0	0	0	0	0	0	0	0	0	0	0	0	0	0	0	0	0	0	0	0	0	0	0	0	0	0	0	0	0	0	0	0	0	0	0	0	0	0	0	0	0	0	0	0	0	0	0	0	0	0	0	0	0	0	0
77292	Rec10_T4	27336	21290	646	21290	646	0	0	0	0	20239	14	0	0	599	0	0	0	0	0	0	coral - aquarium	Cnidaria	Anthozoa	Scleractinia	Pocilloporidae	Pocillopora	acuta	-19.26491400	147.05562100	06.06.2020	0m	10783	4188	2139	135	944	239	366	315	253	330	0	219	133	0	0	0	95	100	0	0	0	0	0	0	0	0	0	0	0	0	0	0	0	0	0	0	0	0	0	0	0	0	0	0	0	0	0	0	0	0	0	0	0	0	0	0	0	0	0	0	0	0	0	0	0	0	0	0	0	0	0	0	0	0	0
77272	Rec5_T4	25012	19549	627	19549	627	0	0	0	0	18572	14	0	0	711	0	0	0	0	0	0	coral - aquarium	Cnidaria	Anthozoa	Scleractinia	Pocilloporidae	Pocillopora	acuta	-19.26491400	147.05562100	06.06.2018	0m	10017	3647	1935	0	959	169	399	308	230	323	0	166	113	0	0	0	107	108	0	0	0	0	0	0	0	0	0	0	0	0	0	0	0	0	0	0	0	0	0	0	0	0	0	0	0	0	0	0	0	91	0	0	0	0	0	0	0	0	0	0	0	0	0	0	0	0	0	0	0	0	0	0	0	0	0
77277	Rec7_T1	31183	25023	723	25023	723	0	0	0	0	23614	12	0	0	910	0	0	0	0	0	0	coral - aquarium	Cnidaria	Anthozoa	Scleractinia	Pocilloporidae	Pocillopora	acuta	-19.26491400	147.05562100	11.04.2019	0m	11791	4727	2608	0	1730	0	519	578	482	366	0	286	253	0	0	0	136	138	0	0	0	0	0	0	0	0	0	0	0	0	0	0	0	0	0	0	0	0	0	0	0	0	0	0	0	0	0	0	0	0	0	0	0	0	0	0	0	0	0	0	0	0	0	0	0	0	0	0	0	0	0	0	0	0	0
77297	Rec12_T1	54528	44391	995	44391	995	0	0	0	0	41559	13	0	0	1523	0	0	0	0	0	0	coral - aquarium	Cnidaria	Anthozoa	Scleractinia	Pocilloporidae	Pocillopora	acuta	-19.26491400	147.05562100	11.04.2020	0m	20010	8124	5065	0	3327	216	897	991	923	655	0	435	440	0	0	0	290	0	0	0	0	0	0	0	0	0	0	0	0	186	0	0	0	0	0	0	0	0	0	0	0	0	0	0	0	0	0	0	0	0	0	0	0	0	0	0	0	0	0	0	0	0	0	0	0	0	0	0	0	0	0	0	0	0	0
77251	PociE_T3	27613	21767	643	21767	643	0	0	0	0	20320	14	0	0	991	0	0	0	0	0	0	coral - aquarium	Cnidaria	Anthozoa	Scleractinia	Pocilloporidae	Pocillopora	acuta	-19.12994800	146.84138200	08.05.2017	3-5m	9871	3852	2607	0	1569	0	356	405	409	281	0	217	306	0	0	0	118	0	0	0	0	0	0	0	0	0	0	0	0	0	0	0	0	0	0	0	0	0	0	0	116	118	0	0	0	0	0	0	0	95	0	0	0	0	0	0	0	0	0	0	0	0	0	0	0	0	0	0	0	0	0	0	0	0	0
77250	PociE_T2	52097	42078	986	42078	986	0	0	0	0	39618	12	0	0	1393	0	0	0	0	0	0	coral - aquarium	Cnidaria	Anthozoa	Scleractinia	Pocilloporidae	Pocillopora	acuta	-19.12994800	146.84138200	17.04.2017	3-5m	18215	7260	6047	0	3299	231	850	979	834	622	0	485	543	0	0	0	253	0	0	0	0	0	0	0	0	0	0	0	0	0	0	0	0	0	0	0	0	0	0	0	0	0	0	0	0	0	0	0	0	0	0	0	0	0	0	0	0	0	0	0	0	0	0	0	0	0	0	0	0	0	0	0	0	0	0
77240	PociA_T4	16779	13063	388	13063	388	0	0	0	0	12442	14	0	0	694	0	0	0	0	0	0	coral - aquarium	Cnidaria	Anthozoa	Scleractinia	Pocilloporidae	Pocillopora	acuta	-19.12994800	146.84138200	06.06.2017	3-5m	6015	2343	1730	0	884	0	290	176	198	224	0	178	164	0	0	0	0	0	0	0	0	0	0	0	0	0	0	0	0	0	0	0	0	0	0	0	0	0	0	0	54	65	0	0	0	0	0	0	0	68	0	0	0	0	0	0	0	0	0	0	0	0	53	0	0	0	0	0	0	0	0	0	0	0	0
77312	Rec15_T4	31095	24820	699	24820	699	0	0	0	0	23376	14	0	0	977	0	0	0	0	0	0	coral - aquarium	Cnidaria	Anthozoa	Scleractinia	Pocilloporidae	Pocillopora	acuta	-19.26491400	147.05562100	06.06.2021	0m	11323	4653	2799	0	1701	271	537	402	504	366	0	263	234	0	0	0	117	106	0	0	0	0	0	0	0	0	0	0	0	0	0	0	0	0	0	0	0	0	0	0	0	100	0	0	0	0	0	0	0	0	0	0	0	0	0	0	0	0	0	0	0	0	0	0	0	0	0	0	0	0	0	0	0	0	0
77246	PociC_T4	15555	12035	351	12035	351	0	0	0	0	11475	13	0	0	538	0	0	0	0	0	0	coral - aquarium	Cnidaria	Anthozoa	Scleractinia	Pocilloporidae	Pocillopora	acuta	-19.12994800	146.84138200	06.06.2017	3-5m	5517	2151	1585	0	835	0	225	228	193	230	0	138	162	0	0	0	60	0	0	0	0	0	0	0	0	0	0	0	0	0	0	0	0	0	0	0	0	0	0	0	61	0	0	0	0	90	0	0	0	0	0	0	0	0	0	0	0	0	0	0	0	0	0	0	0	0	0	0	0	0	0	0	0	0	0
77243	PociB_T4	30739	25016	633	25016	633	0	0	0	0	23612	15	0	0	1476	0	0	0	0	0	0	coral - aquarium	Cnidaria	Anthozoa	Scleractinia	Pocilloporidae	Pocillopora	acuta	-19.12994800	146.84138200	06.06.2017	3-5m	11128	4542	3160	0	1734	0	415	392	486	361	0	219	437	0	0	0	114	0	0	0	0	0	0	0	0	0	0	0	0	0	0	0	0	0	0	0	0	0	0	0	153	154	0	0	0	193	0	0	0	0	0	0	0	0	0	0	0	0	0	0	0	0	124	0	0	0	0	0	0	0	0	0	0	0	0
77265	Rec4_T1	31838	25683	650	25683	650	0	0	0	0	23957	15	0	0	1013	0	0	0	0	0	0	coral - aquarium	Cnidaria	Anthozoa	Scleractinia	Pocilloporidae	Pocillopora	acuta	-19.26491400	147.05562100	11.04.2018	0m	11247	4592	3004	0	1774	129	510	611	662	369	0	273	265	0	0	0	174	132	0	0	0	0	0	0	0	0	0	0	0	0	0	0	0	0	106	109	0	0	0	0	0	0	0	0	0	0	0	0	0	0	0	0	0	0	0	0	0	0	0	0	0	0	0	0	0	0	0	0	0	0	0	0	0	0	0
77261	Rec3_T1	32149	26278	566	26278	566	0	0	0	0	24643	15	0	0	904	0	0	0	0	0	0	coral - aquarium	Cnidaria	Anthozoa	Scleractinia	Pocilloporidae	Pocillopora	acuta	-19.26491400	147.05562100	11.04.2017	0m	11560	5050	2778	0	1771	133	587	594	697	381	0	311	0	0	0	0	196	198	0	0	0	0	0	0	0	0	0	0	0	0	0	0	0	0	119	131	0	137	0	0	0	0	0	0	0	0	0	0	0	0	0	0	0	0	0	0	0	0	0	0	0	0	0	0	0	0	0	0	0	0	0	0	0	0	0
77241	PociB_T2	40311	32342	872	32342	872	0	0	0	0	30365	15	0	0	1560	0	0	0	0	0	0	coral - aquarium	Cnidaria	Anthozoa	Scleractinia	Pocilloporidae	Pocillopora	acuta	-19.12994800	146.84138200	17.04.2017	3-5m	13865	5487	4105	0	2734	174	555	757	711	449	0	320	489	0	0	0	203	0	0	0	0	0	0	0	0	0	0	0	0	141	0	0	0	0	0	0	0	0	0	0	208	167	0	0	0	0	0	0	0	0	0	0	0	0	0	0	0	0	0	0	0	0	0	0	0	0	0	0	0	0	0	0	0	0	0
77239	PociA_T3	25334	19959	551	19959	551	0	0	0	0	18727	15	0	0	991	0	0	0	0	0	0	coral - aquarium	Cnidaria	Anthozoa	Scleractinia	Pocilloporidae	Pocillopora	acuta	-19.12994800	146.84138200	08.05.2017	3-5m	8443	3442	2601	0	1662	131	347	439	441	266	0	173	287	0	0	0	138	0	0	0	0	0	0	0	0	0	0	0	0	90	0	0	0	0	0	0	0	0	0	0	107	0	0	0	0	160	0	0	0	0	0	0	0	0	0	0	0	0	0	0	0	0	0	0	0	0	0	0	0	0	0	0	0	0	0
77281	Rec8_T1	33462	26712	745	26712	745	0	0	0	0	25066	16	0	0	1097	0	0	0	0	0	0	coral - aquarium	Cnidaria	Anthozoa	Scleractinia	Pocilloporidae	Pocillopora	acuta	-19.26491400	147.05562100	11.04.2019	0m	11755	4829	2953	0	1925	0	491	689	650	401	0	283	216	0	0	0	225	130	0	0	0	0	0	0	0	0	0	0	0	143	0	0	0	0	117	127	0	132	0	0	0	0	0	0	0	0	0	0	0	0	0	0	0	0	0	0	0	0	0	0	0	0	0	0	0	0	0	0	0	0	0	0	0	0	0
77285	Rec9_T1	58014	47767	1062	47767	1062	0	0	0	0	45165	16	0	0	1959	0	0	0	0	0	0	coral - aquarium	Cnidaria	Anthozoa	Scleractinia	Pocilloporidae	Pocillopora	acuta	-19.26491400	147.05562100	11.04.2019	0m	20847	8656	5122	0	3875	0	973	1432	1320	640	0	445	334	0	0	0	417	217	0	0	0	0	0	0	0	0	0	0	0	229	0	0	0	0	206	214	0	238	0	0	0	0	0	0	0	0	0	0	0	0	0	0	0	0	0	0	0	0	0	0	0	0	0	0	0	0	0	0	0	0	0	0	0	0	0
77289	Rec10_T1	26472	20875	582	20875	582	0	0	0	0	19327	15	0	0	819	0	0	0	0	0	0	coral - aquarium	Cnidaria	Anthozoa	Scleractinia	Pocilloporidae	Pocillopora	acuta	-19.26491400	147.05562100	11.04.2020	0m	9002	3487	2340	0	1644	128	360	577	565	302	0	185	254	0	0	0	179	0	0	0	0	0	0	0	0	0	0	0	0	104	0	0	0	0	101	99	0	0	0	0	0	0	0	0	0	0	0	0	0	0	0	0	0	0	0	0	0	0	0	0	0	0	0	0	0	0	0	0	0	0	0	0	0	0	0
77242	PociB_T3	23615	18614	530	18614	530	0	0	0	0	17279	15	0	0	924	0	0	0	0	0	0	coral - aquarium	Cnidaria	Anthozoa	Scleractinia	Pocilloporidae	Pocillopora	acuta	-19.12994800	146.84138200	08.05.2017	3-5m	7580	3051	2512	0	1613	154	304	474	463	217	0	168	303	0	0	0	123	0	0	0	0	0	0	0	0	0	0	0	0	80	0	0	0	0	0	0	0	0	0	0	109	128	0	0	0	0	0	0	0	0	0	0	0	0	0	0	0	0	0	0	0	0	0	0	0	0	0	0	0	0	0	0	0	0	0
77269	Rec5_T1	52690	43406	895	43406	895	0	0	0	0	41021	17	0	0	1832	0	0	0	0	0	0	coral - aquarium	Cnidaria	Anthozoa	Scleractinia	Pocilloporidae	Pocillopora	acuta	-19.26491400	147.05562100	11.04.2018	0m	18618	7691	4966	0	3570	225	862	1115	1191	630	0	453	331	0	0	0	333	250	0	0	0	0	0	0	0	0	0	0	0	205	0	0	0	0	184	186	0	211	0	0	0	0	0	0	0	0	0	0	0	0	0	0	0	0	0	0	0	0	0	0	0	0	0	0	0	0	0	0	0	0	0	0	0	0	0
77274	Rec6_T2	26455	21174	525	21174	525	0	0	0	0	20165	17	0	0	932	0	0	0	0	0	0	coral - aquarium	Cnidaria	Anthozoa	Scleractinia	Pocilloporidae	Pocillopora	acuta	-19.26491400	147.05562100	17.04.2018	0m	9067	3888	2306	0	1762	107	449	590	645	276	0	191	145	0	0	0	175	101	0	0	0	0	0	0	0	0	0	0	0	114	0	0	0	0	123	109	0	117	0	0	0	0	0	0	0	0	0	0	0	0	0	0	0	0	0	0	0	0	0	0	0	0	0	0	0	0	0	0	0	0	0	0	0	0	0
77248	PociD_T3	34938	27999	690	27999	690	0	0	0	0	26020	16	0	0	1346	0	0	0	0	0	0	coral - aquarium	Cnidaria	Anthozoa	Scleractinia	Pocilloporidae	Pocillopora	acuta	-19.12994800	146.84138200	08.05.2017	3-5m	11125	4702	3737	0	2438	184	496	750	793	356	0	240	378	0	0	0	226	0	0	0	0	0	0	0	0	0	0	0	0	132	0	0	0	0	140	123	0	0	0	0	0	0	0	0	0	200	0	0	0	0	0	0	0	0	0	0	0	0	0	0	0	0	0	0	0	0	0	0	0	0	0	0	0	0	0
77238	PociA_T2	54227	44330	1035	44330	1035	0	0	0	0	41462	16	0	0	2442	0	0	0	0	0	0	coral - aquarium	Cnidaria	Anthozoa	Scleractinia	Pocilloporidae	Pocillopora	acuta	-19.12994800	146.84138200	17.04.2017	3-5m	17825	7103	5729	0	4285	345	828	1141	1212	618	0	405	684	0	0	0	357	0	0	0	0	0	0	0	0	0	0	0	0	263	0	0	0	0	198	0	0	0	0	0	233	236	0	0	0	0	0	0	0	0	0	0	0	0	0	0	0	0	0	0	0	0	0	0	0	0	0	0	0	0	0	0	0	0	0
77253	Rec1_T1	54714	45912	838	45912	838	0	0	0	0	44238	18	0	0	2470	0	0	0	0	0	0	coral - aquarium	Cnidaria	Anthozoa	Scleractinia	Pocilloporidae	Pocillopora	acuta	-19.26491400	147.05562100	11.04.2017	0m	19714	8736	4547	0	3694	255	1049	1318	1379	675	0	470	0	0	0	0	431	542	0	0	0	0	0	0	0	0	0	0	0	211	0	0	0	0	243	232	0	317	0	0	0	0	0	0	0	0	0	0	0	0	0	0	0	0	233	0	0	192	0	0	0	0	0	0	0	0	0	0	0	0	0	0	0	0	0
77273	Rec6_T1	33044	26973	562	26973	562	0	0	0	0	25900	18	0	0	1530	0	0	0	0	0	0	coral - aquarium	Cnidaria	Anthozoa	Scleractinia	Pocilloporidae	Pocillopora	acuta	-19.26491400	147.05562100	11.04.2018	0m	10795	4775	2848	0	2557	169	633	927	991	385	0	228	0	0	0	0	332	255	0	0	0	0	0	0	0	0	0	0	0	162	0	0	0	0	169	161	0	202	0	0	0	0	0	0	0	0	0	0	0	0	0	0	0	0	184	0	0	127	0	0	0	0	0	0	0	0	0	0	0	0	0	0	0	0	0
77286	Rec9_T2	45838	37549	745	37549	745	0	0	0	0	35624	18	0	0	2110	0	0	0	0	0	0	coral - aquarium	Cnidaria	Anthozoa	Scleractinia	Pocilloporidae	Pocillopora	acuta	-19.26491400	147.05562100	17.04.2019	0m	15001	6963	3794	0	3028	286	827	1270	1356	489	0	408	0	0	0	0	422	438	0	0	0	0	0	0	0	0	0	0	0	189	0	0	0	0	240	188	0	309	0	0	0	0	0	0	0	0	0	0	0	0	0	0	0	0	231	0	0	185	0	0	0	0	0	0	0	0	0	0	0	0	0	0	0	0	0
77233	PlatyD_T3	28645	21568	689	21568	689	0	0	0	0	20878	23	0	0	1984	0	0	0	0	0	0	coral - aquarium	Cnidaria	Anthozoa	Scleractinia	Pocilloporidae	Platygyra	daedalea	-19.12994800	146.84138200	08.05.2017	3-5m	0	0	0	8113	0	6852	0	0	0	0	863	0	0	880	466	421	0	0	396	320	323	128	193	216	188	164	174	165	183	0	209	131	167	0	0	0	144	0	0	0	0	0	0	0	0	0	0	0	0	0	91	0	91	0	0	0	0	0	0	0	0	0	0	0	0	0	0	0	0	0	0	0	0	0	0
77232	PlatyD_T2	29608	22972	630	22972	630	0	0	0	0	22065	24	0	0	2369	0	0	0	0	0	0	coral - aquarium	Cnidaria	Anthozoa	Scleractinia	Pocilloporidae	Platygyra	daedalea	-19.12994800	146.84138200	17.04.2017	3-5m	0	0	0	8679	0	6882	0	0	0	0	1007	0	0	738	545	497	0	0	413	355	332	181	198	167	246	201	215	202	238	0	143	162	197	0	0	0	151	0	0	0	0	0	0	0	120	0	0	0	97	0	0	0	99	0	0	0	0	0	0	0	0	0	0	0	0	0	0	0	0	0	0	0	0	0	0
77235	PlatyE_T2	40660	31441	818	31441	818	0	0	0	0	30357	23	0	0	3284	0	0	0	0	0	0	coral - aquarium	Cnidaria	Anthozoa	Scleractinia	Pocilloporidae	Platygyra	daedalea	-19.12994800	146.84138200	17.04.2017	3-5m	0	0	0	11590	0	9713	0	0	0	0	1280	0	0	930	744	732	0	0	597	520	469	402	280	342	282	285	345	316	285	0	258	225	304	0	0	0	172	0	0	0	0	0	0	0	149	0	0	0	137	0	0	0	0	0	0	0	0	0	0	0	0	0	0	0	0	0	0	0	0	0	0	0	0	0	0
77226	PlatyB_T2	53611	41612	910	41612	910	0	0	0	0	40167	23	0	0	4370	0	0	0	0	0	0	coral - aquarium	Cnidaria	Anthozoa	Scleractinia	Pocilloporidae	Platygyra	daedalea	-19.12994800	146.84138200	17.04.2017	3-5m	0	0	0	15409	0	12354	0	0	0	0	1939	0	0	1353	1013	1045	0	0	864	712	639	495	337	330	424	394	441	434	404	0	279	297	333	0	0	0	209	0	0	0	0	0	0	0	243	0	0	0	219	0	0	0	0	0	0	0	0	0	0	0	0	0	0	0	0	0	0	0	0	0	0	0	0	0	0
77224	PlatyA_T3	34896	26153	764	26153	764	0	0	0	0	24999	24	0	0	2783	0	0	0	0	0	0	coral - aquarium	Cnidaria	Anthozoa	Scleractinia	Pocilloporidae	Platygyra	daedalea	-19.12994800	146.84138200	08.05.2017	3-5m	0	0	0	9869	0	7634	0	0	0	0	1070	0	0	844	611	582	0	0	477	374	375	352	236	277	243	283	242	259	238	0	148	173	163	0	0	0	164	0	0	0	0	0	0	0	130	0	0	0	141	0	114	0	0	0	0	0	0	0	0	0	0	0	0	0	0	0	0	0	0	0	0	0	0	0	0
77230	PlatyC_T3	49526	37964	1036	37964	1036	0	0	0	0	36726	23	0	0	3882	0	0	0	0	0	0	coral - aquarium	Cnidaria	Anthozoa	Scleractinia	Pocilloporidae	Platygyra	daedalea	-19.12994800	146.84138200	08.05.2017	3-5m	0	0	0	14062	0	11384	0	0	0	0	1567	0	0	1553	987	872	0	0	687	647	531	499	304	433	351	354	348	369	347	0	297	253	307	0	0	0	219	0	0	0	0	0	0	0	180	0	0	0	0	0	175	0	0	0	0	0	0	0	0	0	0	0	0	0	0	0	0	0	0	0	0	0	0	0	0
77229	PlatyC_T2	58222	45198	1098	45198	1098	0	0	0	0	43366	24	0	0	4862	0	0	0	0	0	0	coral - aquarium	Cnidaria	Anthozoa	Scleractinia	Pocilloporidae	Platygyra	daedalea	-19.12994800	146.84138200	17.04.2017	3-5m	0	0	0	16963	0	13237	0	0	0	0	1897	0	0	1492	1084	977	0	0	870	675	680	567	352	531	407	376	426	458	448	0	305	340	323	0	0	0	335	0	0	0	0	0	0	0	213	0	0	0	203	0	207	0	0	0	0	0	0	0	0	0	0	0	0	0	0	0	0	0	0	0	0	0	0	0	0
77227	PlatyB_T3	52790	41389	975	41389	975	0	0	0	0	40414	23	0	0	4393	0	0	0	0	0	0	coral - aquarium	Cnidaria	Anthozoa	Scleractinia	Pocilloporidae	Platygyra	daedalea	-19.12994800	146.84138200	08.05.2017	3-5m	0	0	0	15500	0	12603	0	0	0	0	1652	0	0	1738	1050	889	0	0	836	684	584	548	348	392	391	418	329	390	422	0	312	278	361	0	0	0	280	0	0	0	0	0	0	0	219	0	0	0	0	0	190	0	0	0	0	0	0	0	0	0	0	0	0	0	0	0	0	0	0	0	0	0	0	0	0
77236	PlatyE_T3	33381	24345	806	24345	806	0	0	0	0	23543	23	0	0	2852	0	0	0	0	0	0	coral - aquarium	Cnidaria	Anthozoa	Scleractinia	Pocilloporidae	Platygyra	daedalea	-19.12994800	146.84138200	08.05.2017	3-5m	0	0	0	9711	0	5846	0	0	0	0	1205	0	0	1041	421	673	0	0	635	317	484	312	289	285	176	271	151	350	180	0	0	211	290	0	0	0	0	0	0	0	0	0	0	0	139	0	0	0	176	0	0	0	0	0	0	0	0	0	0	0	263	0	0	0	0	0	0	0	0	0	0	0	0	117	0
77237	PlatyE_T4	31846	20737	721	20737	721	0	0	0	0	19343	28	0	0	3009	0	0	0	0	0	0	coral - aquarium	Cnidaria	Anthozoa	Scleractinia	Pocilloporidae	Platygyra	daedalea	-19.12994800	146.84138200	06.06.2017	3-5m	0	0	0	6983	0	5729	0	0	0	0	612	0	0	827	557	423	0	0	367	318	247	136	153	215	165	143	150	156	144	0	167	132	178	210	0	0	170	0	236	317	0	0	0	227	0	0	167	0	0	0	0	105	109	0	0	0	0	0	0	0	0	0	0	0	0	0	0	0	0	0	0	0	0	0	0
77231	PlatyC_T4	24376	16248	539	16248	539	0	0	0	0	15353	30	0	0	2610	0	0	0	0	0	0	coral - aquarium	Cnidaria	Anthozoa	Scleractinia	Pocilloporidae	Platygyra	daedalea	-19.12994800	146.84138200	06.06.2017	3-5m	0	0	0	5556	0	4206	0	0	0	0	576	0	0	631	455	389	0	0	297	255	203	127	122	134	126	114	122	126	124	0	158	127	102	259	0	0	91	0	190	208	0	0	0	180	0	0	127	0	0	0	69	117	77	0	0	0	85	0	0	0	0	0	0	0	0	0	0	0	0	0	0	0	0	0	0
77228	PlatyB_T4	18430	11761	468	11761	468	0	0	0	0	11127	29	0	0	1906	0	0	0	0	0	0	coral - aquarium	Cnidaria	Anthozoa	Scleractinia	Pocilloporidae	Platygyra	daedalea	-19.12994800	146.84138200	06.06.2017	3-5m	0	0	0	4001	0	3158	0	0	0	0	371	0	0	389	308	256	0	0	248	181	157	127	103	122	118	111	84	92	106	0	103	66	95	204	0	0	62	0	121	127	0	0	0	176	52	0	70	0	0	0	0	65	0	0	0	0	54	0	0	0	0	0	0	0	0	0	0	0	0	0	0	0	0	0	0
77225	PlatyA_T4	13252	8176	318	8176	318	0	0	0	0	7690	32	0	0	1362	0	0	0	0	0	0	coral - aquarium	Cnidaria	Anthozoa	Scleractinia	Pocilloporidae	Platygyra	daedalea	-19.12994800	146.84138200	06.06.2017	3-5m	0	0	0	2827	0	2086	0	0	0	0	287	0	0	252	215	151	0	0	142	143	114	48	71	81	76	44	73	86	59	0	54	43	61	122	0	0	48	0	106	94	0	0	0	94	0	0	64	0	41	0	43	51	41	0	0	0	37	0	0	0	0	0	0	0	0	0	0	0	0	0	0	0	0	0	36
77234	PlatyD_T4	26851	14967	830	14967	830	0	0	0	0	13497	21	0	0	580	0	0	0	0	0	0	coral - aquarium	Cnidaria	Anthozoa	Scleractinia	Pocilloporidae	Platygyra	daedalea	-19.12994800	146.84138200	06.06.2017	3-5m	3963	1726	950	2396	817	1513	148	170	0	165	386	74	0	247	94	201	0	0	148	67	83	0	0	0	0	0	0	0	0	0	0	0	0	72	0	0	0	0	71	0	0	0	0	0	0	0	0	0	0	0	0	0	0	0	0	0	0	0	0	0	0	0	0	107	99	0	0	0	0	0	0	0	0	0	0
77223	PlatyA_T2	43735	33179	1006	33176	1005	0	0	3	1	31522	20	0	0	1624	0	0	0	0	0	0	coral - aquarium	Cnidaria	Anthozoa	Scleractinia	Pocilloporidae	Platygyra	daedalea	-19.12994800	146.84138200	17.04.2017	3-5m	0	0	297	3899	15940	5016	0	0	591	0	390	0	0	300	303	281	0	0	177	174	0	0	0	0	0	0	0	0	0	0	0	0	0	0	0	0	0	0	0	0	0	0	1408	0	0	0	0	993	0	0	0	0	0	0	0	510	0	0	0	0	0	0	0	0	0	228	226	0	217	212	183	177	0	0	0
seq_accession																																	106	43221	1	41	2	32	71003	108	4	109	20824	113	114	2410	80	9767	5	110	37242	2416	37676	21208	6049	37075	41218	41217	2424	38920	24569	322	41216	41215	41226	71030	118	20	41221	117	71028	71029	43252	12	308	436490	23413	21709	54162	8129	41224	123	893	18746	41228	43224	307	835	102264	43240	70995	70996	15680	70997	115	71031	436491	14603	834	21931	35	828	833	849	15	1330	42940
