ITS2 type profile UID		39826	40411	40080	40401	40060	40032	40362	40385	40017	40070	40103	39870	40175	40062	40290	40239	40281	40284	40221	40232	40275	40187	40192	40182
Clade		A	C	C	C	C	C	C	C	C	C	C	C	C	C	D	D	D	D	D	D	D	D	D	D
Majority ITS2 sequence		A3d	C3z	C3z	C15	C1/C1b	C15	C15	C3	C15	C1	C1b	C1	C116	C15	D1	D9	D1	D1	D4	D1	D1	D1	D1	D1
Associated species		None	None	None	None	S. goreaui	None	None	None	None	S. goreaui	None	S. goreaui	None	None	S. trenchii	None	S. trenchii	S. trenchii	None	S. trenchii	S. trenchii	S. trenchii	S. trenchii	S. glynnii,S. trenchii
ITS2 profile abundance local		1	23	12	6	6	5	2	2	2	1	1	1	1	1	6	4	4	4	2	2	2	2	1	1
ITS2 profile abundance DB		1	28	16	7	70	38	17	33	101	86	19	31	15	49	76	4	10	35	22	20	332	27	41	20
ITS2 type profile		A3d	C3z-C3-C3.10-C3an-C115-C3bq	C3z/C3	C15-C15ad-C15ai	C1/C1b	C15/C116	C15-C15az-C15m	C3/C115/C3u-C115a-C115e-C21ab	C15	C1	C1b/C3-C1u	C1/C1c	C116	C15/C15r	D1-D4-D17d-D17e-D17c-D1r-D4c-D17j-D17l-D17k	D9	D1-D2.2-D1m-D4	D1-D4-D4c-D2-D4f-D1h	D4	D1-D4-D2-D4c-D4f	D1/D4-D4c-D1h-D1c-D2	D1/D4-D2-D4c	D1-D4-D4c-D1c-D2	D1/D6-D4-D2.2-D2
74179	41-SEYITS2	0	40623.0	0	0	0	0	0	0	0	0	0	0	0	0	0	0	346.0	0	0	0	0	0	0	0
74166	28-SEYITS2	0	35712.0	0	0	0	0	0	0	0	0	0	0	0	0	0	0	0	0	0	0	0	0	0	0
74168	30-SEYITS2	0	28596.0	0	0	0	0	0	0	0	0	0	0	0	0	0	0	0	0	0	0	0	0	0	0
74149	11-SEYITS2	0	41754.0	0	0	0	0	0	0	0	0	0	0	0	0	0	0	0	0	0	0	0	0	0	0
74153	15-SEYITS2	0	45079.0	0	0	0	0	0	0	0	0	0	0	0	0	0	0	0	0	0	0	0	0	0	0
74152	14-SEYITS2	0	41787.0	0	0	0	0	0	0	0	0	0	0	0	0	0	0	0	0	0	0	0	0	0	0
74177	39-SEYITS2	0	44854.0	0	0	0	0	0	0	0	0	0	0	0	0	0	0	0	0	0	0	0	0	0	0
74154	16-SEYITS2	0	4709.0	0	0	0	0	0	0	0	0	0	0	0	0	0	0	0	0	0	0	0	0	0	0
74155	17-SEYITS2	0	15434.0	0	0	0	0	0	0	0	0	0	0	0	0	0	0	0	0	0	0	0	0	0	0
74156	18-SEYITS2	0	32260.0	0	0	0	0	0	0	0	0	0	0	0	0	0	0	0	0	0	0	0	0	0	0
74186	48-SEYITS2	0	42801.0	0	0	0	0	0	0	0	0	0	0	0	0	1717.0	0	0	0	0	0	0	0	0	0
74147	9-SEYITS2	0	38325.0	0	0	0	0	0	0	0	0	0	0	0	0	0	0	0	0	0	0	0	0	0	0
74151	13-SEYITS2	0	35689.0	0	0	0	0	0	0	0	0	0	0	0	0	356.0	0	0	0	0	0	0	0	0	0
74148	10-SEYITS2	0	36705.0	0	0	0	0	0	0	0	0	0	0	0	0	0	0	0	0	0	0	0	0	0	0
74150	12-SEYITS2	0	27138.0	0	0	0	0	0	0	0	0	0	0	0	0	0	0	0	0	0	0	0	0	0	0
74146	8-SEYITS2	0	29409.0	0	0	0	0	0	0	0	0	0	0	0	0	0	0	0	0	0	0	0	0	0	0
74164	26-SEYITS2	0	39966.0	0	0	0	0	0	0	0	0	0	0	0	0	3316.0	0	0	0	0	0	0	0	0	0
74145	7-SEYITS2	0	28879.0	0	0	0	0	0	0	0	0	0	0	0	0	2597.0	0	0	0	0	0	0	0	0	0
74187	neg-con1-SEYITS2	0	7241.0	0	0	224.0	0	0	0	0	0	0	0	0	0	0	0	0	0	0	530.0	0	0	0	0
74165	27-SEYITS2	0	30331.0	0	0	0	0	0	0	0	0	0	0	0	0	4371.0	0	0	0	0	0	0	0	0	0
74141	3-SEYITS2	0	17749.0	0	0	0	0	0	0	0	0	0	0	0	0	0	0	0	0	0	0	0	0	12290.0	0
74188	neg-con2-SEYITS2	0	1426.0	0	0	270.0	0	0	0	0	0	0	0	0	0	0	0	0	1711.0	0	0	0	0	0	0
74139	1-SEYITS2	0	0	407.0	0	0	0	0	0	0	0	0	0	0	0	0	0	0	0	0	0	0	0	0	0
74167	29-SEYITS2	0	0	24205.0	0	0	0	0	0	0	0	0	0	0	0	0	0	0	0	0	0	0	0	0	0
74163	25-SEYITS2	0	0	27039.0	0	0	0	0	0	0	0	0	0	0	0	0	0	0	0	0	0	0	0	0	0
74180	42-SEYITS2	0	0	21826.0	0	0	0	0	0	0	0	0	0	0	0	0	0	0	0	0	3190.0	0	0	0	0
74178	40-SEYITS2	0	0	29416.0	0	0	0	0	0	0	0	0	0	0	0	0	0	6142.0	0	0	0	0	0	0	0
74189	test-1-SEYITS2	0	0	481.0	0	0	0	0	0	205.0	242.0	0	0	0	0	0	0	0	0	0	0	0	0	0	0
74157	19-SEYITS2	0	0	0	33443.0	0	0	0	0	0	0	0	0	0	0	0	0	0	0	0	0	0	0	0	0
74171	33-SEYITS2	0	0	0	29582.0	0	0	0	0	0	0	0	0	0	0	0	0	0	0	0	0	0	0	0	0
74169	31-SEYITS2	0	0	0	23743.0	0	0	0	0	0	0	0	0	0	0	0	0	0	0	0	0	0	0	0	0
74173	35-SEYITS2	0	0	0	28860.0	0	0	0	0	0	0	0	0	0	0	0	0	0	0	0	0	0	0	0	0
74172	34-SEYITS2	0	0	0	27074.0	0	0	0	0	0	0	0	0	0	0	0	3028.0	0	0	499.0	0	0	0	0	0
74174	36-SEYITS2	0	0	0	21029.0	0	0	0	0	0	0	0	0	0	0	0	1796.0	0	0	0	0	0	0	0	0
74190	test-2-SEYITS2	590.0	0	201.0	0	4624.0	0	0	0	0	0	0	0	0	0	0	0	0	0	0	0	0	0	0	0
74158	20-SEYITS2	0	0	0	0	0	34322.0	0	0	0	0	0	0	0	0	0	0	0	0	0	0	0	0	0	0
74170	32-SEYITS2	0	0	0	0	0	21827.0	0	0	0	0	0	0	0	0	0	0	0	0	0	0	0	0	0	0
74159	21-SEYITS2	0	0	0	0	0	25217.0	0	0	0	0	0	0	0	0	0	0	0	0	0	0	0	0	0	0
74160	22-SEYITS2	0	0	0	0	0	16603.0	0	0	0	0	0	0	0	0	0	0	0	0	0	0	0	0	0	0
74175	37-SEYITS2	0	0	0	0	0	0	0	0	0	0	0	0	0	0	0	0	30594.0	0	0	0	0	0	0	0
74176	38-SEYITS2	0	0	140.0	0	0	0	657.0	0	0	0	0	0	0	0	0	0	33361.0	0	0	0	0	0	0	0
74183	45-SEYITS2	0	0	933.0	0	0	0	0	0	0	0	0	11.0	0	0	0	0	0	33890.0	0	0	0	0	0	0
74143	5-SEYITS2	0	4475.0	0	0	0	0	0	0	0	0	0	0	0	0	0	0	0	32565.0	0	0	0	0	0	0
74144	6-SEYITS2	0	0	99.0	0	0	0	0	0	0	0	0	0	2469.0	0	0	0	0	27125.0	0	0	0	0	0	0
74161	23-SEYITS2	0	0	0	0	0	0	43274.0	0	0	0	0	0	0	0	0	2550.0	0	0	545.0	0	0	0	0	0
74182	44-SEYITS2	0	0	0	0	109.0	0	0	3175.0	0	0	0	0	0	0	0	0	0	0	0	0	597.0	0	0	0
74185	47-SEYITS2	0	0	0	0	627.0	0	0	20796.0	0	0	0	0	0	0	6218.0	0	0	0	0	0	0	0	0	0
74140	2-SEYITS2	0	0	63.0	0	14.0	0	0	0	85.0	0	0	0	0	0	0	0	0	0	0	0	0	0	0	0
74181	43-SEYITS2	0	0	0	0	0	0	0	0	0	0	0	0	0	0	0	0	0	0	0	0	3563.0	0	0	0
74142	4-SEYITS2	0	0	263.0	0	0	322.0	0	0	0	0	0	0	0	0	0	0	0	0	0	0	0	1761.0	0	0
74184	46-SEYITS2	0	0	0	0	0	0	0	0	0	0	23796.0	0	0	0	0	0	0	0	0	0	0	325.0	0	0
74162	24-SEYITS2	0	0	0	0	0	0	0	0	0	0	0	0	0	22143.0	0	54.0	0	0	0	0	0	0	0	299.0
Sequence accession / SymPortal UID		23151	20862-32-71-1354-20866-20863	20862-32	517-5364-523		517-632	517-5080-583	32-1330-20866-20932-21902-22261	517	2	4-6276-32	2-308	632	517-1115	853-854-1730-1759-2582-2587-944-1768-2597-2594	8007	853-10403-20860-854	853-854-855-1730-1752-2332	854	853-854-855-1730-2332	853-854-1730-855-1752-2308	853-854-1730-855	853-854-2308-1730-855	853-854-933-10403-855
Average defining sequence proportions and [stdev]		1.000[nan]	0.684[0.050]-0.169[0.039]-0.053[0.023]-0.035[0.013]-0.029[0.017]-0.029[0.007]	0.817[0.068]-0.183[0.068]	0.916[0.044]-0.043[0.010]-0.041[0.040]	0.552[0.162]/0.448[0.162]	0.965[0.034]-0.035[0.034]	0.958[0.003]-0.022[0.003]-0.020[0.000]	0.486[0.007]-0.347[0.001]-0.082[0.007]-0.071[0.003]-0.007[0.001]-0.007[0.001]	1.000[0.000]	1.000[nan]	0.501[nan]-0.278[nan]-0.221[nan]	0.636[nan]-0.364[nan]	1.000[nan]	0.985[nan]-0.015[nan]	0.524[0.071]-0.215[0.047]-0.055[0.012]-0.042[0.016]-0.039[0.017]-0.037[0.015]-0.034[0.010]-0.022[0.013]-0.016[0.008]-0.016[0.005]	1.000[0.000]	0.518[0.017]-0.247[0.038]-0.143[0.027]-0.092[0.024]	0.628[0.017]-0.253[0.015]-0.047[0.010]-0.043[0.003]-0.015[0.003]-0.014[0.004]	1.000[0.000]	0.643[0.013]-0.257[0.002]-0.043[0.005]-0.042[0.005]-0.015[0.000]	0.628[0.031]-0.254[0.007]-0.057[0.020]-0.039[0.011]-0.012[0.000]-0.010[0.008]	0.598[0.054]-0.302[0.021]-0.054[0.020]-0.046[0.013]	0.544[nan]-0.340[nan]-0.049[nan]-0.044[nan]-0.023[nan]	0.572[nan]-0.217[nan]-0.140[nan]-0.040[nan]-0.030[nan]
