sample_uid	sample_name	raw_contigs	post_qc_absolute_seqs	post_qc_unique_seqs	post_taxa_id_absolute_symbiodinium_seqs	post_taxa_id_unique_symbiodinium_seqs	size_screening_violation_absolute	size_screening_violation_unique	post_taxa_id_absolute_non_symbiodinium_seqs	post_taxa_id_unique_non_symbiodinium_seqs	post_med_absolute	post_med_unique	noName Clade A	noName Clade B	noName Clade C	noName Clade D	noName Clade E	noName Clade F	noName Clade G	noName Clade H	noName Clade I	sample_type	host_phylum	host_class	host_order	host_family	host_genus	host_species	collection_latitude	collection_longitude	collection_date	collection_depth	61701_A	A2b	71004_A	71008_A	C1d	C1bl	C42.2	C1	C1b	C3cg	C1bm	C1k	71003_C	114_C	C1bi	70997_C	C3	70995_C	C115k	70996_C	C45c	110_C	C1au	C1j	118_C	21931_C	70999_C	33500_C	71001_C	71000_C	71002_C	307_C	43224_C	123_C	322_C	115_C	196_C	21709_C	657_C	95_C	126_C	71005_C	71006_C	71009_C	317_C	316_C	D5
77181	LarM2bz	32610	28097	722	28097	722	0	0	0	0	26311	10	0	0	770	0	0	0	0	0	0	NoData	Cnidaria	Anthozoa	Scleractinia	Pocilloporidae	Pocillopora	acuta	-19.26491400	147.05562100	02.04.2017	acquarium	0	0	0	0	13825	5612	2722	1676	450	467	0	486	587	0	303	0	0	0	0	0	0	183	0	0	0	0	0	0	0	0	0	0	0	0	0	0	0	0	0	0	0	0	0	0	0	0	0
77206	RecM2dz	41034	35680	887	35680	887	0	0	0	0	33823	10	0	0	1144	0	0	0	0	0	0	NoData	Cnidaria	Anthozoa	Scleractinia	Pocilloporidae	Pocillopora	acuta	-19.26491400	147.05562100	06.04.2017	acquarium	0	0	0	0	18349	7332	3474	1608	419	483	0	573	856	0	441	0	0	0	0	0	0	288	0	0	0	0	0	0	0	0	0	0	0	0	0	0	0	0	0	0	0	0	0	0	0	0	0
77205	RecM2cz	38228	33006	808	33006	808	0	0	0	0	31711	11	0	0	1185	0	0	0	0	0	0	NoData	Cnidaria	Anthozoa	Scleractinia	Pocilloporidae	Pocillopora	acuta	-19.26491400	147.05562100	06.04.2017	acquarium	0	0	0	0	17256	6945	3134	1413	356	487	0	579	759	0	356	0	0	0	0	0	0	284	0	0	0	0	0	0	0	0	0	0	142	0	0	0	0	0	0	0	0	0	0	0	0	0	0
77207	RecM2ez	39731	34106	914	34106	914	0	0	0	0	32362	11	0	0	1222	0	0	0	0	0	0	NoData	Cnidaria	Anthozoa	Scleractinia	Pocilloporidae	Pocillopora	acuta	-19.26491400	147.05562100	06.04.2017	acquarium	0	0	0	0	17356	6994	3340	1551	402	475	0	656	838	0	366	0	0	0	0	0	0	235	0	0	0	0	0	0	0	0	0	0	149	0	0	0	0	0	0	0	0	0	0	0	0	0	0
77182	LarM2cz	37297	32587	727	32587	727	0	0	0	0	30556	11	0	0	944	0	0	0	0	0	0	NoData	Cnidaria	Anthozoa	Scleractinia	Pocilloporidae	Pocillopora	acuta	-19.26491400	147.05562100	02.04.2017	acquarium	0	0	0	0	15947	6468	3217	1819	534	590	0	542	748	0	330	0	0	0	165	0	0	196	0	0	0	0	0	0	0	0	0	0	0	0	0	0	0	0	0	0	0	0	0	0	0	0	0
77157	AdM2az	46640	41150	894	41150	894	0	0	0	0	38598	12	0	0	1394	0	0	0	0	0	0	NoData	Cnidaria	Anthozoa	Scleractinia	Pocilloporidae	Pocillopora	acuta	-19.12994800	146.84138200	02.04.2017	acquarium	0	0	0	0	19997	8352	4103	2148	681	671	0	678	923	253	383	0	0	0	191	0	0	218	0	0	0	0	0	0	0	0	0	0	0	0	0	0	0	0	0	0	0	0	0	0	0	0	0
77200	RecM1cz	32185	27547	784	27547	784	0	0	0	0	25834	11	0	0	814	0	0	0	0	0	0	NoData	Cnidaria	Anthozoa	Scleractinia	Pocilloporidae	Pocillopora	acuta	-19.26491400	147.05562100	06.04.2017	acquarium	0	0	0	0	13909	5207	2686	1285	504	464	0	541	566	0	294	0	0	0	130	0	0	248	0	0	0	0	0	0	0	0	0	0	0	0	0	0	0	0	0	0	0	0	0	0	0	0	0
77180	LarM2az	30175	25864	718	25864	718	0	0	0	0	24240	12	0	0	859	0	0	0	0	0	0	NoData	Cnidaria	Anthozoa	Scleractinia	Pocilloporidae	Pocillopora	acuta	-19.26491400	147.05562100	02.04.2017	acquarium	0	0	0	0	12922	5139	2548	1140	373	467	0	396	554	0	277	0	0	0	119	0	0	188	0	0	0	0	0	0	0	0	0	0	117	0	0	0	0	0	0	0	0	0	0	0	0	0	0
77184	LarM2ez	26809	23009	629	23009	629	0	0	0	0	21611	13	0	0	918	0	0	0	0	0	0	NoData	Cnidaria	Anthozoa	Scleractinia	Pocilloporidae	Pocillopora	acuta	-19.26491400	147.05562100	02.04.2017	acquarium	0	0	0	0	11139	4613	2238	1232	387	362	0	368	505	155	247	0	0	0	107	0	0	157	0	0	0	0	0	0	0	0	0	0	101	0	0	0	0	0	0	0	0	0	0	0	0	0	0
77183	LarM2dz	27009	23275	614	23275	614	0	0	0	0	21914	13	0	0	919	0	0	0	0	0	0	NoData	Cnidaria	Anthozoa	Scleractinia	Pocilloporidae	Pocillopora	acuta	-19.26491400	147.05562100	02.04.2017	acquarium	0	0	0	0	11238	4619	2347	1284	362	411	0	383	528	138	237	0	0	0	114	0	0	145	0	0	0	0	0	0	0	0	0	0	108	0	0	0	0	0	0	0	0	0	0	0	0	0	0
77199	RecM1bz	35866	30558	873	30558	873	0	0	0	0	29744	13	7	0	1161	0	0	0	0	0	0	NoData	Cnidaria	Anthozoa	Scleractinia	Pocilloporidae	Pocillopora	acuta	-19.26491400	147.05562100	06.04.2017	acquarium	0	0	7	0	16458	6074	2862	1193	355	434	0	635	704	0	388	0	0	0	156	0	0	457	0	0	0	0	0	0	0	0	0	0	0	0	0	0	0	0	0	0	0	0	0	0	0	0	21
77178	LarM1dz	32525	28241	718	28241	718	0	0	0	0	26365	12	0	0	780	0	0	0	0	0	0	NoData	Cnidaria	Anthozoa	Scleractinia	Pocilloporidae	Pocillopora	acuta	-19.26491400	147.05562100	02.04.2017	acquarium	0	0	0	0	13130	5232	2997	1842	627	627	0	499	576	0	360	0	0	0	143	0	128	204	0	0	0	0	0	0	0	0	0	0	0	0	0	0	0	0	0	0	0	0	0	0	0	0	0
77158	AdM2bz	43591	38475	847	38475	847	0	0	0	0	35510	12	0	0	1517	0	0	0	0	0	0	NoData	Cnidaria	Anthozoa	Scleractinia	Pocilloporidae	Pocillopora	acuta	-19.12994800	146.84138200	02.04.2017	acquarium	0	0	0	0	17205	7170	4132	2617	953	801	0	559	863	431	370	0	0	0	186	0	0	223	0	0	0	0	0	0	0	0	0	0	0	0	0	0	0	0	0	0	0	0	0	0	0	0	0
77176	LarM1bz	20827	17684	482	17684	482	0	0	0	0	16483	13	0	0	654	0	0	0	0	0	0	NoData	Cnidaria	Anthozoa	Scleractinia	Pocilloporidae	Pocillopora	acuta	-19.26491400	147.05562100	02.04.2017	acquarium	0	0	0	0	8413	3100	1931	1042	385	393	0	283	348	115	181	0	0	0	101	0	0	116	0	0	0	0	0	0	0	0	0	0	75	0	0	0	0	0	0	0	0	0	0	0	0	0	0
77159	AdM2cz	35673	31415	662	31415	662	0	0	0	0	29359	14	0	0	1291	0	0	0	0	0	0	NoData	Cnidaria	Anthozoa	Scleractinia	Pocilloporidae	Pocillopora	acuta	-19.12994800	146.84138200	02.04.2017	acquarium	0	0	0	0	14383	5924	3287	2109	684	583	0	489	637	306	311	0	0	0	173	0	0	201	125	0	0	0	0	0	0	0	0	0	147	0	0	0	0	0	0	0	0	0	0	0	0	0	0
77203	RecM2az	48595	43505	818	43505	818	0	0	0	0	40862	13	0	0	1508	0	0	0	0	0	0	NoData	Cnidaria	Anthozoa	Scleractinia	Pocilloporidae	Pocillopora	acuta	-19.26491400	147.05562100	06.04.2017	acquarium	0	0	0	0	19933	8341	4291	3108	1034	999	0	678	960	275	502	0	0	0	274	0	194	273	0	0	0	0	0	0	0	0	0	0	0	0	0	0	0	0	0	0	0	0	0	0	0	0	0
77155	AdM1dz	32317	27875	706	27875	706	0	0	0	0	25930	13	0	0	1112	0	0	0	0	0	0	NoData	Cnidaria	Anthozoa	Scleractinia	Pocilloporidae	Pocillopora	acuta	-19.12994800	146.84138200	02.04.2017	acquarium	0	0	0	0	12495	4880	3158	2056	657	633	0	473	555	245	292	0	0	0	174	0	0	201	0	0	0	0	0	0	0	0	0	0	0	0	111	0	0	0	0	0	0	0	0	0	0	0	0
77198	RecM1az	32274	28249	637	28249	637	0	0	0	0	26515	13	0	0	1122	0	0	0	0	0	0	NoData	Cnidaria	Anthozoa	Scleractinia	Pocilloporidae	Pocillopora	acuta	-19.26491400	147.05562100	06.04.2017	acquarium	0	0	0	0	13197	5156	3016	1836	546	621	0	504	590	173	344	0	0	0	173	0	0	229	0	0	0	0	0	0	0	0	0	0	0	130	0	0	0	0	0	0	0	0	0	0	0	0	0
77160	AdM2dz	37638	33038	748	33038	748	0	0	0	0	31006	14	0	0	1496	0	0	0	0	0	0	NoData	Cnidaria	Anthozoa	Scleractinia	Pocilloporidae	Pocillopora	acuta	-19.12994800	146.84138200	02.04.2017	acquarium	0	0	0	0	15674	6460	3269	1773	583	603	0	611	735	278	347	0	0	0	190	0	0	181	0	0	0	0	0	0	0	0	0	0	148	0	0	154	0	0	0	0	0	0	0	0	0	0	0
77161	AdM2ez	49655	44206	887	44206	887	0	0	0	0	41387	14	0	0	2134	0	0	0	0	0	0	NoData	Cnidaria	Anthozoa	Scleractinia	Pocilloporidae	Pocillopora	acuta	-19.12994800	146.84138200	02.04.2017	acquarium	0	0	0	0	20744	8516	4521	2467	804	762	0	764	1056	413	462	0	0	0	213	0	0	256	0	0	0	0	0	0	0	0	0	0	216	0	0	193	0	0	0	0	0	0	0	0	0	0	0
77154	AdM1cz	40737	35885	795	35885	795	0	0	0	0	33086	13	0	0	1476	0	0	0	0	0	0	NoData	Cnidaria	Anthozoa	Scleractinia	Pocilloporidae	Pocillopora	acuta	-19.12994800	146.84138200	02.04.2017	acquarium	0	0	0	0	15713	6067	3908	2860	974	875	0	554	677	393	407	0	0	0	252	0	0	234	0	0	0	0	0	0	0	0	0	0	0	0	172	0	0	0	0	0	0	0	0	0	0	0	0
77153	AdM1bz	49510	43754	925	43754	925	0	0	0	0	40630	14	0	0	1762	0	0	0	0	0	0	NoData	Cnidaria	Anthozoa	Scleractinia	Pocilloporidae	Pocillopora	acuta	-19.12994800	146.84138200	02.04.2017	acquarium	0	0	0	0	19730	7683	4893	2974	972	895	0	780	857	420	528	0	0	0	220	0	0	273	193	0	0	0	0	0	0	0	0	0	0	212	0	0	0	0	0	0	0	0	0	0	0	0	0
77152	AdM1az	36431	31832	721	31832	721	0	0	0	0	29868	14	0	0	1518	0	0	0	0	0	0	NoData	Cnidaria	Anthozoa	Scleractinia	Pocilloporidae	Pocillopora	acuta	-19.12994800	146.84138200	02.04.2017	acquarium	0	0	0	0	14531	5770	3485	2217	644	658	0	535	672	341	333	0	0	0	177	0	0	220	0	0	0	0	0	0	0	0	0	0	0	144	0	141	0	0	0	0	0	0	0	0	0	0	0
77177	LarM1cz	29160	25187	676	25187	676	0	0	0	0	23417	14	0	0	1140	0	0	0	0	0	0	NoData	Cnidaria	Anthozoa	Scleractinia	Pocilloporidae	Pocillopora	acuta	-19.26491400	147.05562100	02.04.2017	acquarium	0	0	0	0	11351	4398	2741	1763	588	629	0	364	485	186	316	0	0	0	127	0	0	252	0	0	0	0	0	0	0	0	0	0	104	0	113	0	0	0	0	0	0	0	0	0	0	0	0
77201	RecM1dz	29104	24797	684	24797	684	0	0	0	0	23676	14	0	0	1061	0	0	0	0	0	0	NoData	Cnidaria	Anthozoa	Scleractinia	Pocilloporidae	Pocillopora	acuta	-19.26491400	147.05562100	06.04.2017	acquarium	0	0	0	0	11899	4699	2498	1503	455	520	0	470	552	0	332	0	0	0	124	0	115	295	0	0	0	0	0	0	0	0	0	0	109	0	0	0	0	0	0	0	105	0	0	0	0	0	0
77175	LarM1az	25407	22040	577	22040	577	0	0	0	0	20819	15	0	0	985	0	0	0	0	0	0	NoData	Cnidaria	Anthozoa	Scleractinia	Pocilloporidae	Pocillopora	acuta	-19.26491400	147.05562100	02.04.2017	acquarium	0	0	0	0	10075	3987	2411	1485	516	474	0	406	452	163	267	0	0	0	113	0	100	185	0	0	0	0	0	0	0	0	0	0	0	89	96	0	0	0	0	0	0	0	0	0	0	0	0
77179	LarM1ez	26500	23071	571	23071	571	0	0	0	0	21508	16	0	0	967	0	0	0	0	0	0	NoData	Cnidaria	Anthozoa	Scleractinia	Pocilloporidae	Pocillopora	acuta	-19.26491400	147.05562100	02.04.2017	acquarium	0	0	0	0	10259	4141	2404	1498	603	594	0	387	437	158	292	0	110	0	144	0	0	175	109	0	0	0	0	0	0	0	0	0	0	103	94	0	0	0	0	0	0	0	0	0	0	0	0
77204	RecM2bz	44116	40120	597	40120	597	0	0	0	0	38195	17	0	0	1897	0	0	0	0	0	0	NoData	Cnidaria	Anthozoa	Scleractinia	Pocilloporidae	Pocillopora	acuta	-19.26491400	147.05562100	06.04.2017	acquarium	0	0	0	0	18346	8409	3433	2237	940	985	0	630	973	0	421	0	222	0	270	0	216	358	189	0	0	0	0	0	0	0	0	242	161	0	0	0	0	0	0	0	163	0	0	0	0	0	0
77156	AdM1ez	36058	31523	704	31523	704	0	0	0	0	29260	17	0	0	1445	0	0	0	0	0	0	NoData	Cnidaria	Anthozoa	Scleractinia	Pocilloporidae	Pocillopora	acuta	-19.12994800	146.84138200	02.04.2017	acquarium	0	0	0	0	13397	5269	3505	2345	857	807	0	560	643	318	349	0	177	0	233	0	152	199	164	0	153	0	0	0	0	0	0	0	132	0	0	0	0	0	0	0	0	0	0	0	0	0	0
77194	LarO3az	23350	20237	481	20237	481	0	0	0	0	19517	15	0	0	1194	0	0	0	0	0	0	NoData	Cnidaria	Anthozoa	Scleractinia	Pocilloporidae	Pocillopora	acuta	-19.26491400	147.05562100	02.04.2017	acquarium	0	0	0	0	14341	0	1193	1510	199	370	0	0	0	222	0	242	135	294	131	291	182	0	130	132	0	145	0	0	0	0	0	0	0	0	0	0	0	0	0	0	0	0	0	0	0	0	0
77171	AdO3az	42353	37801	653	37801	653	0	0	0	0	36204	15	0	0	2492	0	0	0	0	0	0	NoData	Cnidaria	Anthozoa	Scleractinia	Pocilloporidae	Pocillopora	acuta	-19.12994800	146.84138200	02.04.2017	acquarium	0	0	0	0	26088	0	2578	2963	420	637	0	0	0	647	0	440	333	524	197	464	260	0	0	236	166	251	0	0	0	0	0	0	0	0	0	0	0	0	0	0	0	0	0	0	0	0	0
77210	RecO1cz	31783	28355	527	28355	527	0	0	0	0	27122	16	0	0	1719	0	0	0	0	0	0	NoData	Cnidaria	Anthozoa	Scleractinia	Pocilloporidae	Pocillopora	acuta	-19.26491400	147.05562100	06.04.2017	acquarium	0	0	0	0	18988	0	1890	2345	428	633	0	0	0	302	0	310	229	404	212	327	255	0	210	213	172	204	0	0	0	0	0	0	0	0	0	0	0	0	0	0	0	0	0	0	0	0	0
77196	LarO3cz	30742	27089	539	27089	539	0	0	0	0	26255	16	0	0	1776	0	0	0	0	0	0	NoData	Cnidaria	Anthozoa	Scleractinia	Pocilloporidae	Pocillopora	acuta	-19.26491400	147.05562100	02.04.2017	acquarium	0	0	0	0	18756	0	1612	2118	539	532	0	0	0	366	0	355	208	383	148	326	239	0	169	158	129	217	0	0	0	0	0	0	0	0	0	0	0	0	0	0	0	0	0	0	0	0	0
77221	RecO3dz	33770	30344	504	30344	504	0	0	0	0	29276	17	0	0	1956	0	0	0	0	0	0	NoData	Cnidaria	Anthozoa	Scleractinia	Pocilloporidae	Pocillopora	acuta	-19.26491400	147.05562100	06.04.2017	acquarium	0	0	0	0	20393	0	2229	2646	358	621	0	0	0	341	0	340	227	402	197	331	244	0	206	199	176	196	0	0	0	0	0	170	0	0	0	0	0	0	0	0	0	0	0	0	0	0	0
77189	LarO1ez	26935	23867	480	23867	480	0	0	0	0	22890	16	0	0	1535	0	0	0	0	0	0	NoData	Cnidaria	Anthozoa	Scleractinia	Pocilloporidae	Pocillopora	acuta	-19.26491400	147.05562100	02.04.2017	acquarium	0	0	0	0	15746	0	1826	1962	515	471	0	0	0	319	0	287	171	326	148	308	195	0	152	169	122	173	0	0	0	0	0	0	0	0	0	0	0	0	0	0	0	0	0	0	0	0	0
77186	LarO1bz	37837	33686	598	33686	598	0	0	0	0	32121	16	0	0	2281	0	0	0	0	0	0	NoData	Cnidaria	Anthozoa	Scleractinia	Pocilloporidae	Pocillopora	acuta	-19.26491400	147.05562100	02.04.2017	acquarium	0	0	0	0	22946	0	2324	2494	383	597	0	0	0	552	0	435	299	480	187	401	208	0	177	225	164	249	0	0	0	0	0	0	0	0	0	0	0	0	0	0	0	0	0	0	0	0	0
77220	RecO3cz	37805	33960	552	33960	552	0	0	0	0	32615	17	0	0	2287	0	0	0	0	0	0	NoData	Cnidaria	Anthozoa	Scleractinia	Pocilloporidae	Pocillopora	acuta	-19.26491400	147.05562100	06.04.2017	acquarium	0	0	0	0	22481	0	2348	2957	455	771	0	0	0	389	0	332	282	475	252	397	293	0	215	274	212	256	0	0	0	0	0	226	0	0	0	0	0	0	0	0	0	0	0	0	0	0	0
77212	RecO1ez	34845	31057	538	31057	538	0	0	0	0	29784	17	0	0	2028	0	0	0	0	0	0	NoData	Cnidaria	Anthozoa	Scleractinia	Pocilloporidae	Pocillopora	acuta	-19.26491400	147.05562100	06.04.2017	acquarium	0	0	0	0	20174	0	2276	2808	474	662	0	0	0	320	0	277	266	371	259	399	333	0	211	293	215	210	0	0	0	0	0	236	0	0	0	0	0	0	0	0	0	0	0	0	0	0	0
77164	AdO1cz	46593	42056	622	42056	622	0	0	0	0	40010	16	0	0	2652	0	0	0	0	0	0	NoData	Cnidaria	Anthozoa	Scleractinia	Pocilloporidae	Pocillopora	acuta	-19.12994800	146.84138200	02.04.2017	acquarium	0	0	0	0	25136	0	3936	4234	1226	1021	0	0	0	720	0	379	435	518	330	466	349	0	270	421	300	269	0	0	0	0	0	0	0	0	0	0	0	0	0	0	0	0	0	0	0	0	0
77208	RecO1az	34625	30737	554	30737	554	0	0	0	0	29407	17	0	0	2066	0	0	0	0	0	0	NoData	Cnidaria	Anthozoa	Scleractinia	Pocilloporidae	Pocillopora	acuta	-19.26491400	147.05562100	06.04.2017	acquarium	0	0	0	0	20112	0	2330	2564	438	692	0	0	0	364	0	301	268	393	190	394	261	0	221	265	193	228	0	0	0	0	0	193	0	0	0	0	0	0	0	0	0	0	0	0	0	0	0
77172	AdO3bz	41592	37295	658	37295	658	0	0	0	0	35618	17	0	0	2683	0	0	0	0	0	0	NoData	Cnidaria	Anthozoa	Scleractinia	Pocilloporidae	Pocillopora	acuta	-19.12994800	146.84138200	02.04.2017	acquarium	0	0	0	0	25428	0	2486	2797	397	680	0	0	0	618	0	434	291	496	213	496	193	0	217	233	194	287	0	0	0	0	0	0	0	0	0	0	158	0	0	0	0	0	0	0	0	0	0
77188	LarO1dz	25019	21894	438	21894	438	0	0	0	0	20981	17	0	0	1531	0	0	0	0	0	0	NoData	Cnidaria	Anthozoa	Scleractinia	Pocilloporidae	Pocillopora	acuta	-19.26491400	147.05562100	02.04.2017	acquarium	0	0	0	0	14521	0	1530	1775	302	476	0	0	0	296	0	241	180	292	154	264	201	0	133	178	141	149	0	0	0	0	0	148	0	0	0	0	0	0	0	0	0	0	0	0	0	0	0
77218	RecO3az	30373	27097	511	27097	511	0	0	0	0	26077	17	0	0	1803	0	0	0	0	0	0	NoData	Cnidaria	Anthozoa	Scleractinia	Pocilloporidae	Pocillopora	acuta	-19.26491400	147.05562100	06.04.2017	acquarium	0	0	0	0	16391	0	2289	2780	816	708	0	0	0	304	0	304	231	273	254	301	291	0	189	325	204	181	0	0	0	0	0	236	0	0	0	0	0	0	0	0	0	0	0	0	0	0	0
77187	LarO1cz	29220	25748	526	25748	526	0	0	0	0	24764	16	0	0	1841	0	0	0	0	0	0	NoData	Cnidaria	Anthozoa	Scleractinia	Pocilloporidae	Pocillopora	acuta	-19.26491400	147.05562100	02.04.2017	acquarium	0	0	0	0	16873	0	1996	2196	306	547	0	0	0	506	0	326	225	361	157	311	254	0	170	199	157	180	0	0	0	0	0	0	0	0	0	0	0	0	0	0	0	0	0	0	0	0	0
77166	AdO1ez	34812	30973	588	30973	588	0	0	0	0	29590	17	0	0	2221	0	0	0	0	0	0	NoData	Cnidaria	Anthozoa	Scleractinia	Pocilloporidae	Pocillopora	acuta	-19.12994800	146.84138200	02.04.2017	acquarium	0	0	0	0	18899	0	2703	3012	844	718	0	0	0	582	0	322	309	407	189	355	226	0	189	280	199	222	0	0	0	0	0	0	0	0	0	0	134	0	0	0	0	0	0	0	0	0	0
77185	LarO1az	40518	36336	611	36336	611	0	0	0	0	34562	18	8	0	2637	0	0	0	0	0	0	NoData	Cnidaria	Anthozoa	Scleractinia	Pocilloporidae	Pocillopora	acuta	-19.26491400	147.05562100	02.04.2017	acquarium	0	0	0	8	22680	0	3099	3402	511	812	0	0	0	666	0	429	344	478	252	422	277	0	234	306	260	233	0	0	0	0	0	0	0	0	0	0	149	0	0	0	0	0	0	0	0	0	0
77195	LarO3bz	29466	25697	589	25697	589	0	0	0	0	24656	19	0	0	2002	0	0	0	0	0	0	NoData	Cnidaria	Anthozoa	Scleractinia	Pocilloporidae	Pocillopora	acuta	-19.26491400	147.05562100	02.04.2017	acquarium	0	0	0	0	16272	0	2135	2125	406	695	0	0	0	292	0	290	227	315	199	310	274	0	137	184	150	180	0	0	0	0	0	149	0	0	0	0	0	0	0	0	0	162	154	0	0	0	0
77193	LarO2dz	38019	32358	856	32358	856	0	0	0	0	30807	22	11	0	2757	0	0	0	0	0	0	NoData	Cnidaria	Anthozoa	Scleractinia	Pocilloporidae	Pocillopora	acuta	-19.26491400	147.05562100	02.04.2017	acquarium	11	10	0	0	15920	0	4314	2378	924	323	2694	295	0	243	425	0	179	0	178	0	0	211	231	168	240	0	633	468	344	304	314	0	0	0	0	0	0	0	0	0	0	0	0	0	0	0	0
77191	LarO2bz	25675	21204	582	21204	582	0	0	0	0	20514	20	0	0	1780	0	0	0	0	0	0	NoData	Cnidaria	Anthozoa	Scleractinia	Pocilloporidae	Pocillopora	acuta	-19.26491400	147.05562100	02.04.2017	acquarium	0	0	0	0	10974	0	2548	1548	570	203	1768	196	0	0	297	0	193	0	176	0	0	168	149	112	137	0	479	290	208	194	176	128	0	0	0	0	0	0	0	0	0	0	0	0	0	0	0
77192	LarO2cz	24446	20631	582	20631	582	0	0	0	0	19902	22	0	0	1781	0	0	0	0	0	0	NoData	Cnidaria	Anthozoa	Scleractinia	Pocilloporidae	Pocillopora	acuta	-19.26491400	147.05562100	02.04.2017	acquarium	0	0	0	0	10497	0	2649	1714	740	283	1163	166	0	251	228	0	143	0	118	0	143	107	160	117	164	0	321	253	180	167	174	164	0	0	0	0	0	0	0	0	0	0	0	0	0	0	0
77190	LarO2az	25748	21757	617	21757	617	0	0	0	0	20898	21	0	0	1954	0	0	0	0	0	0	NoData	Cnidaria	Anthozoa	Scleractinia	Pocilloporidae	Pocillopora	acuta	-19.26491400	147.05562100	02.04.2017	acquarium	0	0	0	0	10522	0	2969	1747	750	257	1549	230	0	217	292	0	184	0	179	0	0	132	154	111	122	0	439	336	198	185	187	138	0	0	0	0	0	0	0	0	0	0	0	0	0	0	0
77168	AdO2bz	40980	35107	866	35107	866	0	0	0	0	33333	21	0	0	3346	0	0	0	0	0	0	NoData	Cnidaria	Anthozoa	Scleractinia	Pocilloporidae	Pocillopora	acuta	-19.12994800	146.84138200	02.04.2017	acquarium	0	0	0	0	15670	0	4879	3287	1432	451	2593	287	0	492	389	0	289	0	170	0	0	214	262	278	226	0	714	506	330	290	298	276	0	0	0	0	0	0	0	0	0	0	0	0	0	0	0
77167	AdO2az	36251	30874	784	30874	784	0	0	0	0	29362	21	0	0	3031	0	0	0	0	0	0	NoData	Cnidaria	Anthozoa	Scleractinia	Pocilloporidae	Pocillopora	acuta	-19.12994800	146.84138200	02.04.2017	acquarium	0	0	0	0	14048	0	4282	2794	1132	394	2194	254	0	478	369	0	238	0	212	0	0	181	210	204	191	0	652	483	297	321	278	0	0	0	0	0	0	0	0	0	0	0	0	150	0	0	0
77213	RecO2az	38609	33447	741	33447	741	0	0	0	0	32186	22	0	0	3190	0	0	0	0	0	0	NoData	Cnidaria	Anthozoa	Scleractinia	Pocilloporidae	Pocillopora	acuta	-19.26491400	147.05562100	06.04.2017	acquarium	0	0	0	0	15552	0	4679	2885	1067	444	2602	340	0	373	433	0	219	0	175	0	187	180	240	173	223	0	721	517	322	304	317	233	0	0	0	0	0	0	0	0	0	0	0	0	0	0	0
77215	RecO2cz	26979	22374	636	22374	636	0	0	0	0	21709	22	0	0	2097	0	0	0	0	0	0	NoData	Cnidaria	Anthozoa	Scleractinia	Pocilloporidae	Pocillopora	acuta	-19.26491400	147.05562100	06.04.2017	acquarium	0	0	0	0	10818	0	2953	1737	728	263	1852	227	0	144	290	0	161	0	163	0	115	169	180	125	146	0	493	315	240	238	194	158	0	0	0	0	0	0	0	0	0	0	0	0	0	0	0
77216	RecO2dz	37056	31440	837	31440	837	0	0	0	0	30348	22	0	0	3017	0	0	0	0	0	0	NoData	Cnidaria	Anthozoa	Scleractinia	Pocilloporidae	Pocillopora	acuta	-19.26491400	147.05562100	06.04.2017	acquarium	0	0	0	0	14817	0	4195	2591	1095	406	2466	376	0	325	380	0	225	0	248	0	135	207	248	149	243	0	656	461	354	310	286	175	0	0	0	0	0	0	0	0	0	0	0	0	0	0	0
77169	AdO2cz	50368	44010	900	44010	900	0	0	0	0	41805	21	0	0	4179	0	0	0	0	0	0	NoData	Cnidaria	Anthozoa	Scleractinia	Pocilloporidae	Pocillopora	acuta	-19.12994800	146.84138200	02.04.2017	acquarium	0	0	0	0	18320	0	6255	4502	1987	735	3328	382	0	567	527	0	368	0	479	0	0	253	398	345	397	0	783	589	431	363	395	401	0	0	0	0	0	0	0	0	0	0	0	0	0	0	0
77214	RecO2bz	27785	23691	579	23691	579	0	0	0	0	22695	22	0	0	2218	0	0	0	0	0	0	NoData	Cnidaria	Anthozoa	Scleractinia	Pocilloporidae	Pocillopora	acuta	-19.26491400	147.05562100	06.04.2017	acquarium	0	0	0	0	10329	0	3398	2381	948	350	1641	218	0	239	288	0	205	0	150	0	186	134	210	173	175	0	496	353	223	188	219	191	0	0	0	0	0	0	0	0	0	0	0	0	0	0	0
77170	AdO2dz	41128	36560	625	36560	625	0	0	0	0	35103	25	0	0	3936	0	0	0	0	0	0	NoData	Cnidaria	Anthozoa	Scleractinia	Pocilloporidae	Pocillopora	acuta	-19.12994800	146.84138200	02.04.2017	acquarium	0	0	0	0	14567	0	5030	4077	1383	499	3255	346	0	223	352	0	307	0	359	0	224	306	362	406	344	0	626	491	362	333	291	448	0	0	0	0	0	162	171	179	0	0	0	0	0	0	0
77217	RecO2ez	30423	26619	500	26619	500	0	0	0	0	25392	26	0	0	3050	0	0	0	0	0	0	NoData	Cnidaria	Anthozoa	Scleractinia	Pocilloporidae	Pocillopora	acuta	-19.26491400	147.05562100	06.04.2017	acquarium	0	0	0	0	10920	0	3580	2477	903	356	2225	291	0	0	330	0	370	0	301	0	128	212	245	216	282	0	497	386	252	219	238	363	0	0	0	0	0	140	119	110	0	0	0	0	120	112	0
77174	AdO3dz	36666	32548	623	32548	623	0	0	0	0	31270	15	0	0	2286	0	0	0	0	0	0	NoData	Cnidaria	Anthozoa	Scleractinia	Pocilloporidae	Pocillopora	acuta	-19.12994800	146.84138200	02.04.2017	acquarium	0	0	0	0	22515	0	2099	2551	319	582	0	0	0	542	0	382	243	495	0	435	276	0	180	219	177	255	0	0	0	0	0	0	0	0	0	0	0	0	0	0	0	0	0	0	0	0	0
77173	AdO3cz	37572	33585	572	33585	572	0	0	0	0	31967	15	0	0	2367	0	0	0	0	0	0	NoData	Cnidaria	Anthozoa	Scleractinia	Pocilloporidae	Pocillopora	acuta	-19.12994800	146.84138200	02.04.2017	acquarium	0	0	0	0	23132	0	2173	2350	320	660	0	0	0	558	0	422	305	454	0	499	196	0	197	267	182	252	0	0	0	0	0	0	0	0	0	0	0	0	0	0	0	0	0	0	0	0	0
77165	AdO1dz	40346	35275	693	35275	693	0	0	0	0	33713	14	0	0	2250	0	0	0	0	0	0	NoData	Cnidaria	Anthozoa	Scleractinia	Pocilloporidae	Pocillopora	acuta	-19.12994800	146.84138200	02.04.2017	acquarium	0	0	0	0	24998	0	2027	2626	310	553	0	0	0	474	0	444	238	545	0	502	286	0	192	233	0	285	0	0	0	0	0	0	0	0	0	0	0	0	0	0	0	0	0	0	0	0	0
77197	LarO3dz	30074	26655	537	26655	537	0	0	0	0	25378	14	0	0	1670	0	0	0	0	0	0	NoData	Cnidaria	Anthozoa	Scleractinia	Pocilloporidae	Pocillopora	acuta	-19.26491400	147.05562100	02.04.2017	acquarium	0	0	0	0	19079	0	1577	1712	256	452	0	0	0	349	0	322	195	409	0	370	130	0	156	151	0	220	0	0	0	0	0	0	0	0	0	0	0	0	0	0	0	0	0	0	0	0	0
77162	AdO1az	36208	31580	572	31580	572	0	0	0	0	30313	14	0	0	1913	0	0	0	0	0	0	NoData	Cnidaria	Anthozoa	Scleractinia	Pocilloporidae	Pocillopora	acuta	-19.12994800	146.84138200	02.04.2017	acquarium	0	0	0	0	23044	0	1614	2193	311	488	0	0	0	372	0	396	171	466	0	434	230	0	155	194	0	245	0	0	0	0	0	0	0	0	0	0	0	0	0	0	0	0	0	0	0	0	0
77222	RecO3ez	29524	26064	534	26064	534	0	0	0	0	24849	13	0	0	1311	0	0	0	0	0	0	NoData	Cnidaria	Anthozoa	Scleractinia	Pocilloporidae	Pocillopora	acuta	-19.26491400	147.05562100	06.04.2017	acquarium	0	0	0	0	19301	0	1272	1731	341	384	0	0	0	163	0	270	0	320	0	327	201	0	131	177	0	231	0	0	0	0	0	0	0	0	0	0	0	0	0	0	0	0	0	0	0	0	0
77163	AdO1bz	41660	36250	655	36250	655	0	0	0	0	34556	14	0	0	2198	0	0	0	0	0	0	NoData	Cnidaria	Anthozoa	Scleractinia	Pocilloporidae	Pocillopora	acuta	-19.12994800	146.84138200	02.04.2017	acquarium	0	0	0	0	26286	0	1879	2353	348	542	0	0	0	351	0	487	298	551	0	505	230	0	203	219	0	304	0	0	0	0	0	0	0	0	0	0	0	0	0	0	0	0	0	0	0	0	0
77219	RecO3bz	37456	32520	627	32520	627	0	0	0	0	31247	14	0	0	1824	0	0	0	0	0	0	NoData	Cnidaria	Anthozoa	Scleractinia	Pocilloporidae	Pocillopora	acuta	-19.26491400	147.05562100	06.04.2017	acquarium	0	0	0	0	23984	0	1671	2240	278	506	0	0	0	221	0	377	268	468	0	353	267	0	0	209	163	242	0	0	0	0	0	0	0	0	0	0	0	0	0	0	0	0	0	0	0	0	0
77211	RecO1dz	33209	28786	583	28786	583	0	0	0	0	27566	12	0	0	1586	0	0	0	0	0	0	NoData	Cnidaria	Anthozoa	Scleractinia	Pocilloporidae	Pocillopora	acuta	-19.26491400	147.05562100	06.04.2017	acquarium	0	0	0	0	21743	0	1192	1792	444	390	0	0	0	167	0	392	0	439	0	363	246	0	0	173	0	225	0	0	0	0	0	0	0	0	0	0	0	0	0	0	0	0	0	0	0	0	0
77209	RecO1bz	32100	27757	575	27757	575	0	0	0	0	26418	12	0	0	1594	0	0	0	0	0	0	NoData	Cnidaria	Anthozoa	Scleractinia	Pocilloporidae	Pocillopora	acuta	-19.26491400	147.05562100	06.04.2017	acquarium	0	0	0	0	21025	0	1202	1700	273	439	0	0	0	170	0	358	0	394	0	353	185	0	0	0	114	205	0	0	0	0	0	0	0	0	0	0	0	0	0	0	0	0	0	0	0	0	0
77202	RecM1ez	365	81	6	81	6	0	0	0	0	78	5	0	0	0	0	0	0	0	0	0	NoData	Cnidaria	Anthozoa	Scleractinia	Pocilloporidae	Pocillopora	acuta	-19.26491400	147.05562100	06.04.2017	acquarium	0	0	0	0	42	15	6	11	0	0	0	0	0	0	0	0	0	0	0	0	4	0	0	0	0	0	0	0	0	0	0	0	0	0	0	0	0	0	0	0	0	0	0	0	0	0	0
seq_accession																																	61701	63269	71004	71008	106	43221	1	2	4	108	70998	109	71003	114	113	70997	32	70995	5	70996	117	110	20	15	118	21931	70999	33500	71001	71000	71002	307	43224	123	322	115	196	21709	657	95	126	71005	71006	71009	317	316	1732
