sample_uid	sample_name	raw_contigs	post_qc_absolute_seqs	post_qc_unique_seqs	post_taxa_id_absolute_symbiodiniaceae_seqs	post_taxa_id_unique_symbiodiniaceae_seqs	size_screening_violation_absolute	size_screening_violation_unique	post_taxa_id_absolute_non_symbiodiniaceae_seqs	post_taxa_id_unique_non_symbiodiniaceae_seqs	post_med_absolute	post_med_unique	noName Clade A	noName Clade B	noName Clade C	noName Clade D	noName Clade E	noName Clade F	noName Clade G	noName Clade H	noName Clade I	sample_type	host_phylum	host_class	host_order	host_family	host_genus	host_species	collection_latitude	collection_longitude	collection_date	collection_depth	B1	C1d	C42.2	C1	C1bl	C3cg	114_C	C1k	C1bi	C1b	C3.12	C15h	110_C	C1cc	C3	C115k	C1au	C3cw	21709_C	111_C	115_C	C45c	121_C	130_C	C42ap	70785_C	C41p	21860_C	196_C	22063_C	43252_C	70786_C	32895_C	566_C	653_C	C1j	C93a	445_C	762_C	C1ba	43223_C	278_C	C116s	C15dp	C116r	9921_C	9920_C	272047_C	11020_C	280263_C	139389_C	167208_C	C15	517266_C	C66	9922_C	69850_C	69849_C	22296_C	134_C	889616_C	1593_C	889617_C	D1bt	D1	D6	D4	D1bs	70776_D	70774_D	D1h	32578_D	15825_D	70775_D	D1bu	D2.2	70780_D	70778_D	70777_D	70779_D	D4c	10556_D	D6b	45776_D	151558_D	70781_D	14506_D	D4p	D1n	268437_D	D1g	D2c	205624_D	11298_D	70783_D	70784_D	14549_D	10082_D	14166_D	14233_D	268486_D	D17d	D17j	D17l	10614_D	D17e	10616_D	D17c	D17k	D4s	11827_D	D17f	889612_D	889613_D	889614_D	889615_D
106050	T0_15	48828	38732	333	38732	333	0	0	0	0	36670	15	0	0	0	5761	0	0	0	0	0	coral_field	cnidaria	anthozoa	scleractinia	Pocilloporidae	Pocillipora	acuta	-16.38628900	145.56388200	24.05.31	1-2m	0	0	0	0	0	0	0	0	0	0	0	0	0	0	0	0	0	0	0	0	0	0	0	0	0	0	0	0	0	0	0	0	0	0	0	0	0	0	0	0	0	0	0	0	0	0	0	0	0	0	0	0	0	0	0	0	0	0	0	0	0	0	0	9738	5653	7689	5194	1246	1090	1009	720	0	0	910	0	669	194	873	836	500	0	0	0	0	0	349	0	0	0	0	0	0	0	0	0	0	0	0	0	0	0	0	0	0	0	0	0	0	0	0	0	0	0	0	0	0
106049	T0_14	147733	115628	1056	115628	1056	0	0	0	0	107803	19	0	0	0	18363	0	0	0	0	0	coral_field	cnidaria	anthozoa	scleractinia	Pocilloporidae	Pocillipora	acuta	-16.38628900	145.56388200	24.05.30	1-2m	0	5	0	0	0	0	0	0	0	0	0	0	0	0	0	0	0	0	0	0	0	0	0	0	0	0	0	0	0	0	0	0	0	0	0	0	0	0	0	0	0	0	0	0	0	0	0	0	0	0	0	0	0	0	0	0	0	0	0	0	0	0	0	26831	20828	20594	14709	3037	2024	2336	1828	2730	2547	1912	0	995	2058	1544	1638	1023	613	0	0	0	0	551	0	0	0	0	0	0	0	0	0	0	0	0	0	0	0	0	0	0	0	0	0	0	0	0	0	0	0	0	0	0
106055	T0_20	232540	190726	1620	190726	1620	0	0	0	0	178849	20	0	0	0	31903	0	0	0	0	0	coral_field	cnidaria	anthozoa	scleractinia	Pocilloporidae	Pocillipora	acuta	-16.38628900	145.56388200	24.05.36	1-2m	0	0	0	0	0	0	0	0	0	0	0	0	0	0	0	0	0	0	0	0	0	0	0	0	0	0	0	0	0	0	0	0	0	0	0	0	0	0	0	0	0	0	0	0	0	0	0	0	0	0	0	0	7	0	0	0	0	0	0	0	0	0	0	46864	29972	34334	25599	5037	4290	4328	2452	2998	2905	4109	0	1807	2586	3475	3040	2154	874	0	0	0	0	844	0	0	0	1174	0	0	0	0	0	0	0	0	0	0	0	0	0	0	0	0	0	0	0	0	0	0	0	0	0	0
106052	T0_17	130331	106953	976	106953	976	0	0	0	0	99982	19	0	0	0	17790	0	0	0	0	0	coral_field	cnidaria	anthozoa	scleractinia	Pocilloporidae	Pocillipora	acuta	-16.38628900	145.56388200	24.05.33	1-2m	0	0	0	0	0	0	0	0	0	0	0	0	0	0	0	0	0	0	0	0	0	0	0	0	0	0	0	0	0	0	0	0	0	0	0	0	0	0	0	0	0	0	0	0	0	0	0	0	0	0	0	0	0	0	0	0	0	0	0	0	0	0	0	25178	18088	19104	14181	2643	2203	2307	1510	2281	2139	2110	0	926	1707	1678	1363	908	562	0	0	0	0	502	0	0	0	592	0	0	0	0	0	0	0	0	0	0	0	0	0	0	0	0	0	0	0	0	0	0	0	0	0	0
106047	T0_12	273862	224163	1988	224163	1988	0	0	0	0	206999	23	0	0	117	36763	0	0	0	0	0	coral_field	cnidaria	anthozoa	scleractinia	Pocilloporidae	Pocillipora	acuta	-16.38628900	145.56388200	24.05.28	1-2m	0	0	0	0	0	0	0	0	0	0	0	0	0	0	0	0	0	0	0	0	0	0	0	0	0	0	0	0	0	0	0	0	0	0	0	0	0	0	0	0	0	0	0	0	0	0	0	101	0	0	0	0	0	0	18	0	0	0	0	0	11	0	5	48300	40051	40783	28159	6100	3610	4484	3498	4962	4572	3781	0	1975	4302	2718	3570	1869	1235	0	0	0	1781	1114	0	0	0	0	0	0	0	0	0	0	0	0	0	0	0	0	0	0	0	0	0	0	0	0	0	0	0	0	0	0
106067	T5_19	128301	104912	989	104912	989	0	0	0	0	98117	19	0	0	0	17402	0	0	0	0	0	coral_field	cnidaria	anthozoa	scleractinia	Pocilloporidae	Pocillipora	acuta	-16.38628900	145.56388200	19.01.30	1-2m	0	0	0	0	0	0	0	0	0	0	0	0	0	0	0	0	0	0	0	0	0	0	0	0	0	0	0	0	0	0	0	0	0	0	0	0	0	0	0	0	0	0	0	0	0	0	0	0	0	0	0	0	0	0	0	0	0	0	0	0	0	0	0	25738	17519	18517	12584	3016	2066	2501	1471	2474	2209	1950	0	713	1864	1549	1414	0	512	0	0	0	845	530	0	0	0	0	645	0	0	0	0	0	0	0	0	0	0	0	0	0	0	0	0	0	0	0	0	0	0	0	0	0
106046	T0_11	290895	239177	2081	239158	2078	0	0	19	3	222862	36	0	0	288	35967	0	0	0	0	0	coral_field	cnidaria	anthozoa	scleractinia	Pocilloporidae	Pocillipora	acuta	-16.38628900	145.56388200	24.05.27	1-2m	0	63	21	15	0	0	0	0	0	0	0	1814	0	0	0	0	0	0	0	0	0	0	0	0	0	0	0	11	0	0	0	0	0	0	0	0	16	0	0	0	0	0	134	54	67	50	24	0	52	47	46	44	0	0	0	14	0	0	0	0	0	0	0	46524	46322	45769	31570	5448	4245	3997	4479	4598	4258	3741	0	2993	3402	3068	3111	1899	1318	0	0	0	1592	1102	0	0	0	0	0	0	0	0	0	0	0	0	0	0	954	0	0	0	0	0	0	0	0	0	0	0	0	0	0	0
106054	T0_19	195638	158838	1413	158838	1413	0	0	0	0	148618	19	0	0	0	26289	0	0	0	0	0	coral_field	cnidaria	anthozoa	scleractinia	Pocilloporidae	Pocillipora	acuta	-16.38628900	145.56388200	24.05.35	1-2m	0	0	0	0	0	0	0	0	0	0	0	0	0	0	0	0	0	0	0	0	0	0	0	0	0	0	0	0	0	0	0	0	0	0	0	0	0	0	0	0	0	0	0	0	0	0	0	0	0	0	0	0	0	0	0	0	0	0	0	0	0	0	0	37392	27415	28152	19863	4168	3137	3481	2345	3802	3481	2947	0	1222	2844	2201	2195	1412	860	0	0	0	0	789	0	0	0	0	912	0	0	0	0	0	0	0	0	0	0	0	0	0	0	0	0	0	0	0	0	0	0	0	0	0
106064	T5_15	212976	176106	1544	176106	1544	0	0	0	0	163259	19	0	0	0	29791	0	0	0	0	0	coral_field	cnidaria	anthozoa	scleractinia	Pocilloporidae	Pocillipora	acuta	-16.38628900	145.56388200	19.01.27	1-2m	0	0	0	0	0	0	0	0	0	0	0	0	0	0	0	0	0	0	0	0	0	0	0	0	0	0	0	0	0	0	0	0	0	0	0	0	0	0	0	0	0	0	0	0	0	0	0	0	0	0	0	0	0	0	0	0	0	0	0	0	0	0	0	39091	30104	31652	22747	4886	3571	3845	2589	3610	3525	3148	0	1579	2975	2616	2729	1610	820	0	0	0	1245	917	0	0	0	0	0	0	0	0	0	0	0	0	0	0	0	0	0	0	0	0	0	0	0	0	0	0	0	0	0	0
106048	T0_13	149609	122473	1158	122464	1157	9	1	0	0	114729	20	0	0	0	20622	0	0	0	0	0	coral_field	cnidaria	anthozoa	scleractinia	Pocilloporidae	Pocillipora	acuta	-16.38628900	145.56388200	24.05.29	1-2m	0	0	0	0	0	0	0	0	0	0	0	0	0	0	0	0	0	0	0	0	0	0	0	0	0	0	0	0	0	0	0	0	0	0	0	0	0	0	0	0	0	0	0	0	0	0	0	0	0	0	0	0	0	0	0	0	0	0	0	0	0	0	0	29228	20918	21502	15439	2730	2306	2557	1816	2858	2839	2326	0	1057	2162	1756	1572	0	684	0	0	0	927	560	0	0	0	759	733	0	0	0	0	0	0	0	0	0	0	0	0	0	0	0	0	0	0	0	0	0	0	0	0	0
106063	T5_13	81135	63687	581	63687	581	0	0	0	0	59436	20	0	0	0	11411	0	0	0	0	0	coral_field	cnidaria	anthozoa	scleractinia	Pocilloporidae	Pocillipora	acuta	-16.38628900	145.56388200	19.01.26	1-2m	0	0	0	0	0	0	0	0	0	0	0	0	0	0	0	0	0	0	0	0	0	0	0	0	0	0	0	0	0	0	0	0	0	0	0	0	0	0	0	0	0	0	0	0	0	0	0	0	0	0	0	0	0	0	0	0	0	0	0	0	0	0	0	15840	9932	11042	7933	1621	1436	1393	888	1308	1325	1394	0	478	1106	1167	832	0	291	0	0	0	517	295	0	0	0	369	0	0	0	0	0	0	0	0	0	269	0	0	0	0	0	0	0	0	0	0	0	0	0	0	0	0
106065	T5_16	261697	213825	1919	213820	1918	0	0	5	1	197801	22	0	0	4	38664	0	0	0	0	0	coral_field	cnidaria	anthozoa	scleractinia	Pocilloporidae	Pocillipora	acuta	-16.38628900	145.56388200	19.01.28	1-2m	0	15	0	0	0	0	0	0	0	0	0	0	0	0	0	0	0	0	0	0	0	0	0	0	0	4	0	0	0	0	0	0	0	0	0	0	0	0	0	0	0	0	0	0	0	0	0	0	0	0	0	0	0	0	0	0	0	0	0	0	0	0	0	48678	35044	37296	26794	5377	4623	4926	3081	4657	4300	4376	0	1792	3509	3621	2977	1949	1056	0	0	0	1552	1010	0	0	0	1164	0	0	0	0	0	0	0	0	0	0	0	0	0	0	0	0	0	0	0	0	0	0	0	0	0	0
106068	T5_20	142535	115450	1094	115450	1094	0	0	0	0	109006	32	0	0	35	21055	0	0	0	0	0	coral_field	cnidaria	anthozoa	scleractinia	Pocilloporidae	Pocillipora	acuta	-16.38628900	145.56388200	19.01.31	1-2m	0	129	42	9	29	6	0	9	4	0	0	0	0	0	0	0	0	0	0	0	0	0	0	0	0	0	0	0	0	0	0	0	0	0	0	0	0	0	0	0	0	0	0	0	0	0	0	0	0	0	0	0	0	11	0	0	6	6	6	6	0	0	0	27901	19131	19638	14728	2731	3241	2498	1501	2725	2687	2377	0	859	1927	1907	1495	1008	530	0	0	0	0	0	0	0	0	697	669	0	0	0	0	0	0	0	0	493	0	0	0	0	0	0	0	0	0	0	0	0	0	0	0	0
106051	T0_16	171761	140898	1292	140890	1291	8	1	0	0	131995	21	0	0	0	26321	0	0	0	0	0	coral_field	cnidaria	anthozoa	scleractinia	Pocilloporidae	Pocillipora	acuta	-16.38628900	145.56388200	24.05.32	1-2m	0	0	0	0	0	0	0	0	0	0	0	0	0	0	0	0	0	0	0	0	0	0	0	0	0	0	0	0	0	0	0	0	0	0	0	0	0	0	0	0	0	0	0	0	0	0	0	0	0	0	0	0	0	0	0	0	0	0	0	0	0	0	0	31847	24082	24337	17386	3144	4141	2791	2044	3621	3213	2675	0	1198	2372	2206	1577	1101	687	0	0	0	1139	0	0	0	0	835	949	0	0	0	0	0	0	0	0	650	0	0	0	0	0	0	0	0	0	0	0	0	0	0	0	0
106062	T5_11	184904	153213	1478	153190	1476	0	0	23	2	143291	27	0	0	336	22516	0	0	0	0	0	coral_field	cnidaria	anthozoa	scleractinia	Pocilloporidae	Pocillipora	acuta	-16.38628900	145.56388200	19.01.25	1-2m	0	0	0	0	0	0	0	0	0	0	0	8160	0	0	0	0	0	0	0	0	0	0	0	0	0	0	0	0	0	0	0	0	0	0	0	0	0	0	0	0	0	0	466	296	264	186	150	0	0	0	0	0	0	0	0	0	0	0	0	0	0	0	0	29662	27013	27247	18176	3426	2840	2521	2616	2947	2522	2323	0	1532	2052	2068	1838	1097	711	0	0	0	1028	697	0	0	0	0	870	0	0	0	0	0	0	0	0	0	583	0	0	0	0	0	0	0	0	0	0	0	0	0	0	0
106042	T0_7	141014	119297	927	119297	927	0	0	0	0	116623	10	0	0	6059	0	0	0	0	0	0	coral_field	cnidaria	anthozoa	scleractinia	Pocilloporidae	Pocillipora	acuta	-16.38628900	145.56388200	24.05.24	1-2m	0	85001	19770	3029	0	0	1309	1556	1208	0	0	0	0	0	0	0	0	0	0	0	974	0	0	0	0	2459	0	0	0	0	0	800	0	0	0	0	0	0	517	0	0	0	0	0	0	0	0	0	0	0	0	0	0	0	0	0	0	0	0	0	0	0	0	0	0	0	0	0	0	0	0	0	0	0	0	0	0	0	0	0	0	0	0	0	0	0	0	0	0	0	0	0	0	0	0	0	0	0	0	0	0	0	0	0	0	0	0	0	0	0	0	0	0	0	0	0
106060	T5_8	97001	80480	760	80480	760	0	0	0	0	78118	10	0	0	1739	0	0	0	0	0	0	coral_field	cnidaria	anthozoa	scleractinia	Pocilloporidae	Pocillipora	acuta	-16.38628900	145.56388200	19.01.23	1-2m	0	55404	14224	2268	0	465	0	2233	1284	0	0	0	600	501	0	0	0	0	0	433	0	0	0	706	0	0	0	0	0	0	0	0	0	0	0	0	0	0	0	0	0	0	0	0	0	0	0	0	0	0	0	0	0	0	0	0	0	0	0	0	0	0	0	0	0	0	0	0	0	0	0	0	0	0	0	0	0	0	0	0	0	0	0	0	0	0	0	0	0	0	0	0	0	0	0	0	0	0	0	0	0	0	0	0	0	0	0	0	0	0	0	0	0	0	0	0
106038	T0_3	214651	182009	1080	182009	1080	0	0	0	0	172497	11	0	0	4336	0	0	0	0	0	0	coral_field	cnidaria	anthozoa	scleractinia	Pocilloporidae	Pocillipora	acuta	-16.38628900	145.56388200	24.05.20	1-2m	0	136411	12713	9395	0	3396	4336	0	964	1084	1222	0	0	0	0	884	756	1336	0	0	0	0	0	0	0	0	0	0	0	0	0	0	0	0	0	0	0	0	0	0	0	0	0	0	0	0	0	0	0	0	0	0	0	0	0	0	0	0	0	0	0	0	0	0	0	0	0	0	0	0	0	0	0	0	0	0	0	0	0	0	0	0	0	0	0	0	0	0	0	0	0	0	0	0	0	0	0	0	0	0	0	0	0	0	0	0	0	0	0	0	0	0	0	0	0	0
106043	T0_8	196199	164272	1264	164272	1264	0	0	0	0	159383	11	0	0	5143	0	0	0	0	0	0	coral_field	cnidaria	anthozoa	scleractinia	Pocilloporidae	Pocillipora	acuta	-16.38628900	145.56388200	24.05.25	1-2m	0	105354	33280	4985	0	1046	0	5319	3006	0	0	0	1480	1250	0	0	0	0	0	1079	0	0	898	1686	0	0	0	0	0	0	0	0	0	0	0	0	0	0	0	0	0	0	0	0	0	0	0	0	0	0	0	0	0	0	0	0	0	0	0	0	0	0	0	0	0	0	0	0	0	0	0	0	0	0	0	0	0	0	0	0	0	0	0	0	0	0	0	0	0	0	0	0	0	0	0	0	0	0	0	0	0	0	0	0	0	0	0	0	0	0	0	0	0	0	0	0
106057	T5_3	105600	86019	1082	85993	1078	26	4	0	0	80958	45	0	0	1459	2067	0	0	0	0	0	coral_field	cnidaria	anthozoa	scleractinia	Pocilloporidae	Pocillipora	acuta	-16.38628900	145.56388200	19.01.20	1-2m	34	45848	10213	3473	1165	776	1055	1086	935	0	366	0	404	0	0	0	0	0	0	0	0	0	0	0	0	0	0	0	0	0	0	0	0	0	0	0	0	0	0	0	0	0	0	0	0	0	0	0	0	0	0	0	0	0	0	0	0	0	0	0	0	0	0	1199	3201	2336	3795	114	113	130	392	121	172	93	698	432	91	97	112	0	110	310	348	104	0	0	199	110	0	0	0	0	96	0	89	84	0	83	0	0	0	198	165	124	101	128	72	99	87	0	0	0	0	0	0	0
106039	T0_4	158046	131755	1285	131755	1285	0	0	0	0	126376	15	0	0	5672	0	0	0	0	0	0	coral_field	cnidaria	anthozoa	scleractinia	Pocilloporidae	Pocillipora	acuta	-16.38628900	145.56388200	24.05.21	1-2m	0	54459	34317	8701	9423	2309	1502	3814	3257	1890	781	0	1633	1753	0	0	0	0	0	860	805	0	872	0	0	0	0	0	0	0	0	0	0	0	0	0	0	0	0	0	0	0	0	0	0	0	0	0	0	0	0	0	0	0	0	0	0	0	0	0	0	0	0	0	0	0	0	0	0	0	0	0	0	0	0	0	0	0	0	0	0	0	0	0	0	0	0	0	0	0	0	0	0	0	0	0	0	0	0	0	0	0	0	0	0	0	0	0	0	0	0	0	0	0	0	0
106061	T5_10	202205	169903	1581	169903	1581	0	0	0	0	161474	16	0	0	8084	0	0	0	0	0	0	coral_field	cnidaria	anthozoa	scleractinia	Pocilloporidae	Pocillipora	acuta	-16.38628900	145.56388200	19.01.24	1-2m	0	67524	43036	9560	16520	2871	1682	4910	3865	1967	1031	0	2152	2106	0	0	0	0	0	1235	1075	0	1191	749	0	0	0	0	0	0	0	0	0	0	0	0	0	0	0	0	0	0	0	0	0	0	0	0	0	0	0	0	0	0	0	0	0	0	0	0	0	0	0	0	0	0	0	0	0	0	0	0	0	0	0	0	0	0	0	0	0	0	0	0	0	0	0	0	0	0	0	0	0	0	0	0	0	0	0	0	0	0	0	0	0	0	0	0	0	0	0	0	0	0	0	0
106056	T5_1	157589	128702	1463	128702	1463	0	0	0	0	121348	43	0	0	3666	1922	0	0	0	0	0	coral_field	cnidaria	anthozoa	scleractinia	Pocilloporidae	Pocillipora	acuta	-16.38628900	145.56388200	19.01.19	1-2m	0	53721	26779	6309	12319	1228	1089	2800	2469	1029	0	0	1352	1275	0	0	0	0	0	631	594	0	0	0	0	0	0	0	0	0	0	0	0	0	0	0	0	0	0	0	0	0	0	0	0	0	0	0	0	0	0	0	0	0	0	0	0	0	0	0	0	0	0	1980	1261	1959	1757	269	230	213	106	76	76	192	0	105	91	221	187	121	0	0	0	0	0	49	0	0	0	64	0	0	0	0	0	0	0	0	0	0	0	114	55	44	56	0	47	0	0	104	84	77	72	55	45	43
106045	T0_10	1469	1038	48	1038	48	0	0	0	0	1011	25	0	0	70	0	0	0	0	0	0	coral_field	cnidaria	anthozoa	scleractinia	Pocilloporidae	Pocillipora	acuta	-16.38628900	145.56388200	24.05.27	1-2m	0	274	280	176	54	38	16	19	10	13	19	0	7	4	19	7	7	0	16	0	5	8	5	0	9	0	0	0	0	0	7	0	0	0	6	0	0	0	0	4	4	4	0	0	0	0	0	0	0	0	0	0	0	0	0	0	0	0	0	0	0	0	0	0	0	0	0	0	0	0	0	0	0	0	0	0	0	0	0	0	0	0	0	0	0	0	0	0	0	0	0	0	0	0	0	0	0	0	0	0	0	0	0	0	0	0	0	0	0	0	0	0	0	0	0	0
106037	T0_2	193384	158039	1226	158039	1226	0	0	0	0	151348	23	0	0	4	20087	0	0	0	0	0	coral_field	cnidaria	anthozoa	scleractinia	Pocilloporidae	Pocillipora	acuta	-16.38628900	145.56388200	24.05.19	1-2m	0	0	0	0	0	0	0	0	0	0	0	0	0	0	0	0	0	0	0	0	0	0	0	0	0	0	0	0	0	0	0	0	0	0	0	0	0	0	0	0	0	0	0	0	0	0	0	0	0	0	0	0	18	0	0	0	0	0	0	0	0	4	0	0	39015	16523	40538	0	0	0	4816	0	0	0	13942	5233	0	0	0	0	1616	4725	3436	3590	0	0	3952	2001	2204	0	0	1915	1638	1442	994	998	900	790	1058	0	0	0	0	0	0	0	0	0	0	0	0	0	0	0	0	0
106053	T0_18	184128	152300	1153	152300	1153	0	0	0	0	146217	21	0	0	0	18358	0	0	0	0	0	coral_field	cnidaria	anthozoa	scleractinia	Pocilloporidae	Pocillipora	acuta	-16.38628900	145.56388200	24.05.34	1-2m	0	0	0	0	0	0	0	0	0	0	0	0	0	0	0	0	0	0	0	0	0	0	0	0	0	0	0	0	0	0	0	0	0	0	0	0	0	0	0	0	0	0	0	0	0	0	0	0	0	0	0	0	0	0	0	0	0	0	0	0	0	0	0	0	32835	17744	43533	0	0	0	4446	0	0	0	11743	5446	0	0	0	0	1648	4608	4192	3460	0	0	2854	2400	2228	0	0	1644	1570	1148	1248	932	983	805	750	0	0	0	0	0	0	0	0	0	0	0	0	0	0	0	0	0
106066	T5_18	123353	102391	788	102391	788	0	0	0	0	98217	21	0	0	0	12531	0	0	0	0	0	coral_field	cnidaria	anthozoa	scleractinia	Pocilloporidae	Pocillipora	acuta	-16.38628900	145.56388200	19.01.29	1-2m	0	0	0	0	0	0	0	0	0	0	0	0	0	0	0	0	0	0	0	0	0	0	0	0	0	0	0	0	0	0	0	0	0	0	0	0	0	0	0	0	0	0	0	0	0	0	0	0	0	0	0	0	0	0	0	0	0	0	0	0	0	0	0	0	22325	11975	27816	0	0	0	3203	0	0	0	8673	3307	0	0	0	0	1166	2934	2940	2419	0	0	2009	1665	1577	0	0	1039	1135	785	847	674	658	638	432	0	0	0	0	0	0	0	0	0	0	0	0	0	0	0	0	0
106040	T0_5	251496	212075	1294	212075	1294	0	0	0	0	200366	13	0	0	5200	0	0	0	0	0	0	coral_field	cnidaria	anthozoa	scleractinia	Pocilloporidae	Pocillipora	acuta	-16.38628900	145.56388200	24.05.22	1-2m	0	150447	16066	12925	0	4454	5200	0	1564	2110	1614	0	0	0	1187	1389	1360	1121	0	0	0	0	0	0	0	0	929	0	0	0	0	0	0	0	0	0	0	0	0	0	0	0	0	0	0	0	0	0	0	0	0	0	0	0	0	0	0	0	0	0	0	0	0	0	0	0	0	0	0	0	0	0	0	0	0	0	0	0	0	0	0	0	0	0	0	0	0	0	0	0	0	0	0	0	0	0	0	0	0	0	0	0	0	0	0	0	0	0	0	0	0	0	0	0	0	0
106058	T5_5	425280	358087	2337	358087	2337	0	0	0	0	328029	15	0	0	9895	0	0	0	0	0	0	coral_field	cnidaria	anthozoa	scleractinia	Pocilloporidae	Pocillipora	acuta	-16.38628900	145.56388200	19.01.21	1-2m	0	246598	23563	19156	0	6690	6917	0	0	2856	2786	7009	0	0	2090	1809	1881	1896	0	0	0	0	0	0	0	0	0	2978	0	0	0	0	0	0	0	0	1792	0	0	0	0	0	0	0	0	0	0	0	0	0	0	0	0	0	0	0	0	0	0	0	0	0	0	0	8	0	0	0	0	0	0	0	0	0	0	0	0	0	0	0	0	0	0	0	0	0	0	0	0	0	0	0	0	0	0	0	0	0	0	0	0	0	0	0	0	0	0	0	0	0	0	0	0	0	0	0
106041	T0_6	67964	54471	490	54471	490	0	0	0	0	52732	11	0	0	391	0	0	0	0	0	0	coral_field	cnidaria	anthozoa	scleractinia	Pocilloporidae	Pocillipora	acuta	-16.38628900	145.56388200	24.05.23	1-2m	0	43608	2700	2666	0	986	391	0	299	565	0	0	0	0	0	268	259	710	0	0	0	280	0	0	0	0	0	0	0	0	0	0	0	0	0	0	0	0	0	0	0	0	0	0	0	0	0	0	0	0	0	0	0	0	0	0	0	0	0	0	0	0	0	0	0	0	0	0	0	0	0	0	0	0	0	0	0	0	0	0	0	0	0	0	0	0	0	0	0	0	0	0	0	0	0	0	0	0	0	0	0	0	0	0	0	0	0	0	0	0	0	0	0	0	0	0
106044	T0_9	110607	91678	821	91678	821	0	0	0	0	85528	18	0	0	5938	0	0	0	0	0	0	coral_field	cnidaria	anthozoa	scleractinia	Pocilloporidae	Pocillipora	acuta	-16.38628900	145.56388200	24.05.26	1-2m	0	48628	11170	10407	0	2004	3639	0	998	1730	1050	0	0	0	744	624	635	619	647	0	0	599	0	0	382	0	0	0	0	609	0	0	575	0	0	0	0	468	0	0	0	0	0	0	0	0	0	0	0	0	0	0	0	0	0	0	0	0	0	0	0	0	0	0	0	0	0	0	0	0	0	0	0	0	0	0	0	0	0	0	0	0	0	0	0	0	0	0	0	0	0	0	0	0	0	0	0	0	0	0	0	0	0	0	0	0	0	0	0	0	0	0	0	0	0	0
106059	T5_6	54530	44857	467	44857	467	0	0	0	0	43360	7	0	0	805	0	0	0	0	0	0	coral_field	cnidaria	anthozoa	scleractinia	Pocilloporidae	Pocillipora	acuta	-16.38628900	145.56388200	19.01.22	1-2m	0	31481	7807	2148	0	0	805	474	389	256	0	0	0	0	0	0	0	0	0	0	0	0	0	0	0	0	0	0	0	0	0	0	0	0	0	0	0	0	0	0	0	0	0	0	0	0	0	0	0	0	0	0	0	0	0	0	0	0	0	0	0	0	0	0	0	0	0	0	0	0	0	0	0	0	0	0	0	0	0	0	0	0	0	0	0	0	0	0	0	0	0	0	0	0	0	0	0	0	0	0	0	0	0	0	0	0	0	0	0	0	0	0	0	0	0	0
106036	T0_1	182414	150773	1620	150773	1620	0	0	0	0	138165	22	0	0	8767	0	0	0	0	0	0	coral_field	cnidaria	anthozoa	scleractinia	Pocilloporidae	Pocillipora	acuta	-16.38628900	145.56388200	24.05.18	1-2m	0	32743	35511	24799	7156	5755	3870	1608	1232	6748	2408	0	809	805	2476	1830	1721	0	2270	0	0	1360	0	0	1253	0	1220	0	988	0	0	0	0	830	0	773	0	0	0	0	0	0	0	0	0	0	0	0	0	0	0	0	0	0	0	0	0	0	0	0	0	0	0	0	0	0	0	0	0	0	0	0	0	0	0	0	0	0	0	0	0	0	0	0	0	0	0	0	0	0	0	0	0	0	0	0	0	0	0	0	0	0	0	0	0	0	0	0	0	0	0	0	0	0	0	0
seq_accession																																	4946	106	1	2	43221	108	114	109	113	4	62797	1584	110	123	32	5	20	112	21709	111	115	117	121	130	322	70785	118	21860	196	22063	43252	70786	32895	566	653	15	869	445	762	43244	43223	278	9919	9917	9918	9921	9920	272047	11020	280263	139389	167208	517	517266	14180	9922	69850	69849	22296	134	889616	1593	889617	11469	853	933	854	70773	70776	70774	1752	32578	15825	70775	70782	10403	70780	70778	70777	70779	1730	10556	4747	45776	151558	70781	14506	1728	1725	268437	12732	14165	205624	11298	70783	70784	14549	10082	14166	14233	268486	2582	1768	2597	10614	2587	10616	1759	2594	71655	11827	25940	889612	889613	889614	889615
