ITS2 type profile UID		39726	39802	39743	40346	39754	40435	40326	40335	40345	39741	39750	39756	40412	40017	39947	40356	40360	40110	40061	40062	40067	40093	39971	39882	40402	40403	39894	40069	40359	40106	40407	40027	40065	40068	40070	40094	40096	39969	40098	40102	40104	40363	40111	40123	39870	39878	40137	39886	40015	40030	39913	39925	40056	40060	40208	40284	40194	40198	40229	40278	40186	40189	40192	40277	40288	40232	40238	40184	40276	40282	40185	40187	40248	40255
Clade		A	A	A	A	A	A	A	A	A	A	A	A	C	C	C	C	C	C	C	C	C	C	C	C	C	C	C	C	C	C	C	C	C	C	C	C	C	C	C	C	C	C	C	C	C	C	C	C	C	C	C	C	C	C	D	D	D	D	D	D	D	D	D	D	D	D	D	D	D	D	D	D	F	F
Majority ITS2 sequence		A1	A1	A1	A1	A1	A1	A1	A1	A1	A1	A1	A1	C15	C15	C3	C1	C1	C15	C15/C60a	C15/C15r	C1/C39	C1/C41/C72	C15/C22b	C1	C22b/C15	C15	C15/C22b	C72/C1	C1	C15/C22b	C15	C15	C15	C116	C1	C15	C91e	C3	C3	C15h	C1n	C1	C1b	C22a	C1	C1	C15j	C1	C15h	C15	C15	C3	C15	C1b	D1/D6	D1	D1/D4/D1n	D4/D1	D1	D1	D1	D1	D1	D4/D1	D1	D1	D17g	D1	D1	D1	D1	D1	F5b	F5.2b
Associated species		S. microadriaticum	S. microadriaticum	S. microadriaticum	S. microadriaticum	S. microadriaticum	S. microadriaticum	S. microadriaticum	S. microadriaticum	S. microadriaticum	S. microadriaticum	S. microadriaticum	S. microadriaticum	None	None	None	S. goreaui	S. goreaui	None	None	None	S. goreaui	S. goreaui	None	S. goreaui	None	None	None	S. goreaui	S. goreaui	None	None	None	None	None	S. goreaui	None	None	None	None	None	None	S. goreaui	None	None	S. goreaui	S. goreaui	None	S. goreaui	None	None	None	None	None	S. goreaui	S. glynnii,S. trenchii	S. trenchii	S. trenchii	S. trenchii	S. glynnii,S. trenchii	S. glynnii,S. trenchii	S. glynnii,S. trenchii	S. glynnii,S. trenchii	S. trenchii	S. glynnii,S. trenchii	S. glynnii,S. trenchii	S. trenchii	None	S. trenchii	S. trenchii	S. trenchii	S. trenchii	S. trenchii	None	None
ITS2 profile abundance local		4	4	3	2	2	2	1	1	1	1	1	1	9	5	4	4	4	4	4	4	3	3	3	3	3	3	3	2	2	2	2	2	1	1	1	1	1	1	1	1	1	1	1	1	1	1	1	1	1	1	1	1	1	1	12	6	4	4	4	4	3	3	2	2	2	1	1	1	1	1	1	1	1	1
ITS2 profile abundance DB		286	43	26	48	22	7	13	74	8	25	20	18	13	101	41	58	5	5	15	49	29	12	56	34	54	84	76	20	29	28	35	45	27	23	86	2	8	80	16	20	32	58	228	1	31	9	3	22	17	31	7	21	53	70	36	35	12	37	54	11	20	49	41	33	50	20	1	44	41	30	48	27	3	4
ITS2 type profile		A1	A1-A1c-A1k-A1h	A1/A1c-A1h	A1-A1k-A1c-A1h-A1bf	A1-A1f	A1-A1k	A1k/A1-A1ea	A1-A1c-A1h-A1q-A1i	A1/A1t-A1k-A1c-A1h	A1/A1g	A1-A1bv	A1/A1d	C15-C15ah-C15x-C15v	C15	C3/C3au	C1-C1b-C41f-C39-C41-C41a-C41e-C1ae-C1f-C1w	C1-C1b-C39-C1am-C1an-C1ao	C15-C15g	C15/C60a-C15b-C15e	C15/C15r	C1/C39	C1/C72/C41-C1b	C15/C22b	C1/C41/C1b-C39	C22b/C15-C15a-C15an-C15de	C15-C15y-C15df-C15x-C15a-C15z-C15aa-C15w-C15ab	C22b/C15/C15r	C1/C72/C39/C1b	C1/C41/C39/C22b-C1b	C15/C22b/C15h	C15-C15y-C15a-C15x-C15v	C15-C15x-C15v-C15ab-C15u-C15c-C15d	C15/C41	C116-C116f-C116e-C116d	C1	C15-C72-C72a-C1b	C91e/C91f-C91i-C91h	C3	C3-C41-C3au-C1b	C15/C15h/C116	C3/C1n/C3v	C1-C1b-C39-C41-C1ae-C41f-C1af-C39a	C3/C1b	C22a	C1/C1c	C1-C1b-C41f-C41-C41e-C41a-C39-C1f-C1ae	C15j	C1/C39-C1b	C15h	C15/C15u-C15df-C15v-C15y-C15x-C15aa-C15z	C15-C15s	C40/C3	C15-C15by-C15ai	C1/C1b	D1/D6-D4-D10-D1d	D1-D4-D4c-D2-D4f-D1h	D1/D4/D1n-D1o	D1/D4-D4c-D4f	D1-D4-D6-D4c-D4f	D4/D1-D6-D6c-D6d-D1d	D1/D4/D1d-D6	D1/D4/D6	D1-D4-D4c-D1c-D2	D1/D4-D6-D4c	D1-D4-D6-D4c-D4f-D10	D1-D4-D2-D4c-D4f	D17g	D1-D4-D4c-D1c	D1-D4-D4c-D4f-D3b-D1c	D1-D4-D4c-D4f-D17d	D1/D4	D1/D4-D2-D4c	F5b	F5.2b
74083	SA1574	0	0	0	0	0	0	0	0	0	0	0	0	0	0	0	448.0	0	0	0	27.0	0	0	0	0	0	0	0	0	0	0	0	0	0	0	0	0	0	0	0	0	0	0	0	0	0	0	0	0	0	0	0	0	0	0	75561.0	0	0	0	0	0	0	0	0	0	0	0	0	0	0	0	0	0	0	0
74075	SA1702	0	0	0	0	0	0	0	0	0	0	0	0	0	0	0	0	0	0	0	0	0	0	0	0	0	0	0	0	125.0	0	0	0	0	0	0	0	0	0	0	0	0	0	0	0	0	0	0	0	0	0	0	0	0	0	82689.0	0	0	0	0	0	0	0	0	0	0	0	0	0	0	0	0	0	0	0
74068	SA1647	0	0	0	0	0	0	0	0	0	0	0	0	0	0	0	1099.0	0	0	0	0	0	0	56.0	0	0	0	0	0	0	0	0	0	0	0	0	0	0	0	0	0	0	0	0	0	0	0	0	0	0	0	0	0	0	0	88197.0	0	0	0	0	0	0	0	0	0	0	0	0	0	0	0	0	0	0	0
74066	SA1518	0	0	0	0	0	0	0	0	0	0	0	0	0	0	0	0	0	0	0	0	0	0	0	0	0	0	0	0	0	0	0	0	0	0	0	0	0	0	0	0	0	0	0	0	0	0	0	0	0	0	0	0	0	0	35608.0	0	0	0	0	0	0	0	0	0	0	0	0	0	0	0	0	0	0	0
74069	SA1576	0	0	0	0	0	0	0	0	0	0	0	0	0	0	0	0	0	0	0	0	0	0	0	0	0	0	0	0	0	0	0	0	0	0	0	0	0	0	0	0	0	0	0	0	0	0	0	0	0	0	0	0	0	0	44077.0	0	0	0	0	0	0	0	0	0	0	0	0	0	0	0	0	0	0	0
74079	SA307	0	0	0	0	0	0	0	0	0	0	0	0	0	0	0	0	0	0	0	0	0	0	0	0	0	0	0	0	0	0	0	0	0	0	0	0	0	0	0	0	0	0	0	0	0	0	0	0	0	0	0	0	0	0	48355.0	0	0	0	0	0	0	0	0	0	0	0	0	0	0	0	0	0	0	0
74077	SA1722	0	0	0	0	0	0	0	0	0	0	0	0	0	0	0	0	0	0	0	0	0	0	0	0	0	0	0	0	0	0	0	0	0	0	0	0	0	0	0	0	0	0	0	0	0	0	0	0	0	0	0	0	0	0	22895.0	0	0	0	0	0	0	0	0	0	0	0	0	0	0	0	0	0	0	0
74071	SA1612	0	0	0	0	0	0	0	0	0	0	0	0	0	0	0	0	0	0	0	0	0	302.0	0	0	0	0	0	0	0	0	0	0	0	0	0	0	2091.0	0	0	0	0	0	0	0	0	0	0	0	0	0	0	0	0	0	119368.0	0	0	0	0	0	0	0	0	0	0	0	0	0	0	0	0	0	0	0
74094	SA181	0	0	0	0	0	0	0	0	0	0	0	0	64995.0	0	0	0	0	0	0	0	0	0	0	0	0	0	0	0	0	0	0	0	0	0	0	0	0	0	0	0	0	0	0	0	0	0	0	0	0	0	0	0	0	0	0	0	0	0	0	0	0	0	0	0	0	0	0	0	0	0	0	0	0	0
74114	SA2156	0	0	0	0	0	0	0	0	0	0	0	0	37598.0	0	0	0	0	0	0	0	0	0	0	0	0	0	0	0	0	0	0	0	0	0	0	0	0	0	0	0	0	0	0	0	0	0	0	0	0	0	0	0	0	0	0	0	0	0	0	0	0	0	0	0	0	0	0	0	0	0	0	0	0	0
74126	SA2375	0	0	0	0	0	0	0	0	0	0	0	0	31032.0	0	0	0	0	0	0	0	0	0	0	0	0	0	0	0	0	0	0	0	0	0	0	0	0	0	0	0	0	0	0	0	0	0	0	0	0	0	0	0	0	0	0	0	0	0	0	0	0	0	0	0	0	0	0	0	0	0	0	0	0	0
74099	SA385	0	0	0	0	0	0	0	0	0	0	509.0	0	46446.0	0	0	0	0	0	0	0	0	0	0	0	0	0	0	0	0	0	0	0	0	0	0	0	0	0	0	0	0	0	0	0	0	0	0	0	0	0	0	0	0	0	0	0	0	0	0	0	1670.0	0	0	0	0	0	0	0	0	0	0	0	0	0
74096	SA149	0	0	0	0	0	0	0	0	0	0	0	0	24114.0	0	0	0	0	0	0	0	0	0	0	0	0	0	0	0	0	0	0	0	0	0	0	0	0	0	0	0	0	0	0	0	0	0	0	0	0	0	0	0	0	0	0	0	0	0	0	0	0	0	0	0	0	0	0	0	0	0	0	0	0	0
74115	SA2194	0	0	0	0	251.0	0	0	0	0	0	0	0	29371.0	0	0	0	0	0	0	0	0	0	0	0	0	0	0	0	0	0	0	0	0	0	0	0	0	0	0	0	0	0	0	0	0	0	0	0	0	0	0	0	0	0	0	0	0	0	434.0	0	0	0	0	0	0	0	0	0	0	0	0	0	0	0
74098	SA382	0	0	0	0	0	645.0	0	0	0	0	0	0	29330.0	0	0	0	0	0	0	0	2872.0	0	0	0	0	0	0	0	0	0	0	0	0	0	0	0	0	0	0	0	0	0	1451.0	0	0	0	0	0	0	0	0	0	0	0	0	0	0	0	0	0	0	0	0	0	0	0	0	2141.0	0	0	0	0	0	0
74097	SA438	0	0	0	364.0	0	0	0	0	0	0	0	0	22759.0	0	0	0	0	0	0	0	4157.0	0	0	0	0	0	0	0	0	0	0	0	0	0	0	0	0	0	0	0	0	0	0	0	0	0	0	0	0	0	0	0	0	0	0	0	0	0	0	0	0	0	500.0	0	0	0	0	0	0	0	0	0	4071.0	3402.0
74105	SA2205	0	0	0	0	0	0	0	0	0	0	0	0	0	0	0	0	640.0	0	0	0	0	0	0	0	0	0	0	0	0	0	0	0	0	0	0	0	0	0	0	0	0	0	0	0	0	0	0	0	0	0	0	0	0	0	0	54502.0	0	0	0	0	0	0	0	0	0	0	0	0	0	0	0	0	0	0
74088	SA91	0	0	0	0	0	0	0	0	0	0	0	0	0	0	0	0	0	0	0	0	0	0	0	0	0	0	0	0	0	0	0	0	0	0	0	0	0	0	0	0	0	0	0	0	0	0	0	0	341.0	0	0	0	0	10.0	0	48501.0	0	0	0	0	0	0	0	0	0	0	0	0	0	0	0	0	0	0
74080	SA363	0	0	0	0	0	0	0	0	0	0	0	0	0	0	0	0	259.0	0	0	0	0	0	0	0	0	0	0	0	0	0	0	0	0	0	0	0	0	0	0	0	0	0	0	0	0	0	0	0	0	0	0	0	0	0	0	46789.0	0	0	0	0	0	0	0	0	0	0	0	0	0	0	0	0	0	0
74072	SA340	0	0	0	0	0	0	0	0	0	0	0	0	0	0	0	0	1539.0	0	0	0	0	0	0	0	0	0	0	0	0	0	0	0	0	0	0	0	0	0	0	0	53.0	0	0	0	0	0	0	0	0	0	0	0	0	0	0	67740.0	0	0	0	0	0	0	0	0	0	0	0	0	0	0	0	0	0	0
74108	SA2159	0	0	0	0	0	0	0	0	0	0	0	0	0	0	0	0	0	0	0	0	0	0	0	0	0	0	0	0	0	0	0	0	0	0	0	0	0	0	0	0	0	0	0	0	0	0	0	0	0	0	0	0	0	0	0	58981.0	0	0	0	0	0	0	0	0	0	0	0	0	0	0	0	0	0	0
74084	SA1705	0	0	0	0	0	0	0	0	0	0	0	0	0	0	0	0	0	0	0	0	0	0	0	0	0	0	0	0	0	0	0	0	0	0	0	0	0	0	0	0	0	0	0	0	0	0	0	0	0	0	0	0	0	0	0	62356.0	0	0	0	0	0	0	0	0	0	0	0	0	0	0	0	0	0	0
74120	SA686	0	0	0	0	0	0	0	0	0	0	0	0	0	74384.0	0	0	0	0	0	0	0	0	0	0	0	0	0	0	0	0	0	0	0	0	0	0	0	0	0	0	0	0	0	0	0	0	0	0	0	0	0	0	0	0	0	0	0	0	0	0	0	0	0	0	0	0	0	0	0	0	0	0	0	0
74132	SA771	0	0	0	0	0	0	0	0	0	0	0	0	0	55417.0	0	0	0	0	0	0	0	0	0	0	0	0	0	0	0	0	0	0	0	0	0	0	0	0	0	0	0	0	0	0	0	0	0	0	0	0	0	0	0	0	0	0	0	0	0	0	0	0	0	0	0	0	0	0	0	0	0	0	0	0
74138	SA1032	0	0	0	0	0	0	0	0	0	0	0	0	0	29286.0	0	0	0	0	0	0	0	0	0	0	0	0	0	0	0	0	0	0	0	0	0	0	0	0	0	0	0	0	0	0	0	0	0	0	0	0	0	0	0	0	0	0	0	0	0	0	0	0	0	0	0	0	0	0	0	0	0	0	0	0
74101	SA390	0	0	0	0	0	0	0	0	0	0	0	295.0	0	29207.0	0	0	0	0	0	0	0	0	0	0	0	0	0	0	0	0	0	0	0	0	0	0	0	0	0	0	0	0	0	0	0	0	0	0	0	0	0	0	0	0	0	0	0	0	0	0	0	0	4579.0	0	0	0	0	0	0	0	0	0	0	0
74092	SA12	0	0	0	0	0	0	0	0	0	0	0	0	0	0	0	364.0	0	0	0	0	0	0	0	0	0	0	0	0	0	0	0	0	0	57.0	0	0	0	0	0	0	0	0	0	0	0	0	0	0	0	0	0	0	0	0	0	0	48122.0	0	0	0	0	0	0	0	0	0	0	0	0	0	0	0	0	0
74059	SA1641	326.0	0	0	0	0	0	0	0	0	0	0	0	0	0	94.0	0	0	0	0	0	0	0	49.0	0	0	0	0	0	0	0	0	0	0	0	0	0	0	0	0	0	0	0	0	0	0	1146.0	0	0	0	0	0	0	0	0	0	0	79906.0	0	0	0	0	0	0	0	0	0	0	0	0	0	0	0	0	0
74110	SA2199	0	0	0	0	0	0	0	0	0	0	0	0	0	0	0	0	0	0	0	0	0	0	0	0	0	0	0	0	0	0	0	0	0	0	0	131.0	0	13.0	0	0	0	0	0	0	0	0	0	0	0	0	0	0	0	0	0	0	30658.0	0	0	0	0	0	0	0	0	0	0	0	0	0	0	0	0	0
74093	SA150	0	0	0	0	0	0	852.0	0	0	0	0	0	0	0	0	0	0	0	0	0	0	0	0	2997.0	0	0	0	0	0	0	0	0	0	0	0	0	0	0	0	0	0	0	0	0	0	0	0	0	0	0	0	0	0	0	0	0	42161.0	0	0	0	0	0	0	0	0	0	0	0	0	0	0	0	0	0
74061	SA1704	0	0	0	0	0	0	0	0	0	0	0	0	0	0	41.0	0	0	0	0	0	0	0	0	0	0	0	0	0	426.0	0	0	0	0	0	0	0	0	0	0	0	0	0	0	0	0	0	0	0	0	0	0	0	0	0	0	0	0	70167.0	0	0	0	0	0	0	0	0	0	0	0	0	0	0	0	0
74085	SA1490	0	0	0	0	0	0	0	0	0	0	0	0	0	0	0	0	0	0	0	0	0	0	0	0	0	0	0	0	0	0	0	0	0	0	0	0	0	0	0	0	0	0	0	0	0	0	0	0	0	0	0	0	0	0	0	0	0	60327.0	0	0	0	0	0	0	0	0	0	0	0	0	0	0	0	0
74081	SA1448	0	0	0	0	0	0	0	0	0	0	0	0	0	0	0	0	0	0	0	0	0	0	0	0	0	0	0	0	0	0	0	0	0	0	0	0	0	0	0	0	0	0	0	0	0	0	0	0	0	0	0	0	0	0	0	0	0	65949.0	0	0	0	0	0	0	0	0	0	0	0	0	0	0	0	0
74082	SA1493	0	0	0	0	0	0	0	0	0	0	0	0	0	0	10.0	0	0	0	0	43.0	0	0	0	0	0	0	0	0	0	0	0	0	0	0	48.0	0	0	0	0	0	0	0	0	0	0	0	0	0	0	0	0	0	0	0	0	0	0	57400.0	0	0	0	0	0	0	0	0	0	0	0	0	0	0	0	0
74089	SA92	0	0	0	0	0	0	0	0	0	0	0	0	0	0	0	0	0	0	0	0	0	0	0	0	0	0	0	0	0	0	0	0	0	0	0	0	0	0	0	0	0	0	0	0	0	0	0	0	0	0	0	0	0	0	0	0	0	0	20881.0	0	0	0	0	0	0	0	0	0	0	0	0	0	0	0
74121	SA2243	0	0	0	0	0	0	0	428.0	0	0	0	0	0	0	0	0	0	0	0	0	0	0	0	410.0	0	0	0	0	0	0	0	0	0	0	0	0	0	0	0	2466.0	0	0	0	0	0	0	582.0	0	0	0	0	0	0	0	0	0	0	0	67214.0	0	0	0	0	0	0	0	0	0	0	0	0	0	0	0
74063	SA1516	112399.0	0	0	0	0	0	0	0	0	0	0	0	0	0	0	0	0	0	0	0	0	367.0	0	0	0	0	0	0	0	188.0	0	0	0	0	0	0	0	0	0	0	0	0	0	0	0	0	0	0	0	0	0	0	0	0	0	0	0	0	0	0	0	226.0	0	0	0	0	0	0	0	0	0	0	0	0
74137	SA1028	0	0	0	0	0	0	0	0	0	0	0	0	0	0	0	0	0	67600.0	0	0	0	0	0	0	0	0	0	0	0	0	0	0	0	0	0	0	0	0	0	0	0	0	0	0	0	0	0	0	0	0	0	0	0	0	0	0	0	0	0	0	0	0	0	0	0	0	0	0	0	0	0	0	0	0
74127	SA2295	0	0	330.0	0	0	0	0	0	0	0	0	0	0	0	0	0	0	48270.0	0	0	0	0	0	0	0	0	0	0	0	0	0	0	0	0	0	0	0	0	0	0	0	0	0	0	0	0	0	0	0	0	0	0	0	0	0	0	0	0	0	0	0	0	0	0	0	0	0	0	0	0	0	0	0	0
74130	SA764	0	0	0	0	0	0	0	0	0	0	0	0	0	0	0	0	0	33033.0	0	0	0	0	0	0	0	0	0	0	0	0	0	0	0	0	0	0	0	0	0	0	0	0	0	0	0	0	0	0	0	0	0	0	0	0	0	0	0	0	0	0	0	0	0	0	0	0	0	0	0	0	0	0	0	0
74136	SA970	0	0	0	0	0	0	0	0	0	0	0	0	0	0	0	0	0	63414.0	0	0	0	0	0	0	0	0	0	0	0	0	0	0	0	0	0	0	0	0	0	0	0	0	0	0	0	0	0	0	0	0	0	0	0	0	0	0	0	0	0	0	0	0	0	0	0	0	0	0	0	0	0	0	0	0
74100	SA383	0	0	0	0	0	0	0	0	0	0	0	0	0	0	0	0	0	0	0	0	0	0	0	0	0	0	0	0	0	0	0	0	0	0	0	0	0	0	0	0	0	0	0	0	0	0	0	0	0	0	0	0	0	0	0	0	0	0	0	50794.0	0	0	0	0	0	0	0	0	0	0	0	0	0	0
74064	SA308	0	0	0	0	0	0	0	0	0	0	0	0	0	0	0	0	0	0	0	0	0	0	0	0	0	0	0	0	0	0	0	0	0	0	0	0	0	0	0	0	0	0	0	0	0	0	0	0	0	0	0	0	0	0	0	0	0	0	0	35554.0	0	0	0	0	0	0	0	0	0	0	0	0	0	0
74087	SA57	0	0	0	0	0	0	0	0	0	0	0	0	0	221.0	0	0	0	0	0	0	13.0	0	0	0	0	0	0	0	0	0	0	0	0	0	0	0	0	0	0	0	0	0	0	0	0	0	0	0	0	0	0	0	0	0	0	0	0	0	0	28797.0	0	0	0	0	0	0	0	0	0	0	0	0	0	0
74095	SA155	0	0	0	0	0	0	0	0	0	0	0	0	0	0	0	0	239.0	0	0	0	0	0	0	0	0	0	0	0	0	0	0	0	0	0	0	0	0	0	0	0	0	0	0	0	0	0	0	0	0	0	0	0	0	0	0	0	0	0	0	21884.0	0	0	0	0	0	0	0	0	0	0	0	0	0	0
74090	SA54	0	0	0	0	0	0	0	0	0	0	0	0	0	0	0	0	0	0	52565.0	0	0	0	0	0	0	0	0	0	0	0	0	0	0	0	0	0	0	0	0	0	0	0	0	0	0	0	0	0	0	0	0	0	0	0	0	0	0	0	0	0	0	0	0	0	0	0	0	0	0	0	0	0	0	0
74102	SA388	0	0	0	0	0	0	0	0	0	0	0	0	0	0	0	0	0	0	51353.0	0	0	0	0	0	0	0	0	0	0	0	0	0	0	0	0	0	0	0	0	0	0	0	0	0	0	0	0	0	0	0	0	0	0	0	0	0	0	0	0	0	0	0	0	0	0	0	0	0	0	0	0	0	0	0
74122	SA2479	0	0	0	0	0	0	0	0	0	0	0	0	0	0	0	0	0	0	58316.0	0	0	0	0	0	0	0	0	0	0	0	0	0	0	0	0	0	0	0	0	0	0	0	0	0	0	0	0	0	0	0	0	0	0	0	0	0	0	0	0	0	0	0	0	0	0	0	0	0	0	0	0	0	0	0
74133	SA876	0	0	0	0	0	0	0	0	0	0	0	0	0	0	0	0	0	0	51873.0	0	0	0	0	0	0	0	0	0	0	0	0	0	0	0	0	0	0	0	0	0	0	0	0	0	0	0	0	0	0	0	0	0	0	0	0	0	0	0	0	0	0	0	0	0	0	0	0	0	0	0	0	0	0	0
74125	SA2332	0	0	0	0	0	0	0	0	0	0	0	0	0	0	0	0	0	0	0	54801.0	0	0	0	0	0	0	0	0	0	0	0	0	0	0	0	0	0	0	0	0	0	0	0	0	0	0	0	0	0	0	0	0	0	0	0	0	0	0	0	0	0	0	0	190.0	0	0	0	0	0	0	0	0	0	0
74134	SA770	0	611.0	0	0	0	0	0	0	0	0	0	0	0	0	0	0	0	0	0	88416.0	0	0	0	0	0	0	0	0	0	0	0	0	0	0	0	0	0	0	0	0	0	0	0	0	0	0	0	0	0	0	0	0	0	0	0	0	0	0	0	0	0	0	0	0	1237.0	0	0	0	0	0	0	0	0	0
74113	SA2195	0	0	0	0	0	0	0	0	0	0	0	0	0	0	0	0	0	0	0	0	0	0	57268.0	0	0	0	0	0	0	0	0	0	0	0	0	0	0	0	0	0	0	0	0	0	0	0	0	0	0	0	0	0	0	0	0	0	0	0	0	0	0	0	0	0	0	0	0	0	0	0	0	0	0	0
74067	SA1581	0	259.0	0	0	0	0	0	0	0	0	0	0	0	0	0	0	0	0	0	0	0	0	0	0	92784.0	0	0	0	0	0	0	0	0	0	0	0	0	0	0	0	0	0	0	0	0	0	0	0	0	0	0	0	0	0	473.0	0	0	0	0	0	0	0	0	0	0	0	0	0	0	0	0	0	0	0
74078	SA268	0	0	0	0	0	0	0	0	0	0	0	0	0	0	0	0	0	0	0	0	0	0	0	0	48122.0	0	0	0	0	0	0	0	0	0	0	0	0	0	0	0	0	0	0	0	0	0	0	0	0	0	0	0	0	0	0	0	0	0	0	0	0	0	0	0	0	0	0	0	0	0	0	0	0	0
74118	SA2136	0	0	0	0	0	0	0	0	0	0	0	0	0	0	0	0	0	0	0	0	0	0	0	0	0	33717.0	0	0	0	0	0	0	0	0	0	0	0	0	0	0	0	0	0	0	0	0	0	0	0	0	0	0	0	0	0	0	0	0	0	0	0	0	0	0	0	0	0	0	0	0	0	0	0	0
74116	SA2163	0	0	144.0	0	0	0	0	0	0	0	0	0	0	0	0	0	0	0	0	0	0	0	0	0	0	67098.0	0	0	0	0	0	0	0	0	0	0	0	0	0	0	0	0	0	0	0	0	0	0	0	0	0	0	0	0	0	0	0	0	0	0	0	0	0	0	0	0	0	0	0	0	0	0	0	0
74117	SA2081	0	0	0	300.0	0	0	0	0	0	0	0	0	0	0	0	0	0	0	0	0	0	0	0	0	0	82625.0	0	0	0	0	0	0	0	0	0	0	0	0	0	0	0	0	0	0	0	0	0	0	0	0	0	0	0	0	359.0	0	0	0	0	0	0	0	0	0	0	0	0	0	0	0	0	0	0	0
74076	SA1703	0	0	0	0	0	0	0	0	0	0	0	0	0	0	0	0	0	0	0	0	0	0	0	0	0	0	62758.0	0	0	0	0	0	0	0	0	0	0	0	0	0	0	0	0	0	0	0	0	0	0	0	0	0	0	0	4347.0	0	0	0	0	0	0	0	0	0	0	0	0	0	0	0	0	0	0	0
74123	SA2337	0	0	0	0	0	0	0	0	0	0	0	0	0	0	0	0	0	0	0	0	0	0	0	0	0	0	0	0	0	0	0	0	0	0	0	0	0	0	0	0	0	0	0	0	0	0	0	0	0	0	0	0	0	0	0	0	0	0	0	0	60594.0	0	0	0	0	0	0	0	0	0	0	0	0	0
74065	SA1444	0	0	0	0	0	0	0	0	0	0	0	0	0	0	0	0	0	0	0	0	0	0	0	0	0	0	0	0	0	0	0	0	0	0	0	0	0	0	0	0	0	0	0	0	0	0	0	0	0	0	0	0	0	0	0	0	0	0	0	0	50635.0	0	0	0	0	0	0	0	0	0	0	0	0	0
74070	SA1609	0	0	203.0	0	0	0	0	0	0	0	0	0	0	0	0	6011.0	0	0	0	0	0	0	0	0	0	0	0	0	0	0	0	0	0	0	0	0	0	0	0	0	0	0	0	0	0	0	0	0	0	0	0	0	0	0	0	0	0	0	0	0	0	74118.0	0	0	0	0	0	0	0	0	0	0	0	0
74073	SA1449	68380.0	0	0	0	0	0	0	0	0	0	0	0	0	0	0	0	0	0	0	0	0	0	0	0	0	0	423.0	1115.0	0	0	0	0	0	0	0	0	0	0	0	0	0	0	0	0	0	0	0	0	0	0	0	68.0	0	0	0	0	0	0	0	0	0	74233.0	0	0	0	0	0	0	0	0	0	0	0	0
74074	SA1491	0	0	0	0	0	37761.0	0	0	0	0	0	0	0	0	0	0	0	0	0	0	0	0	0	0	0	0	1990.0	872.0	0	0	0	0	0	0	0	0	0	0	0	0	0	0	0	0	0	0	0	0	0	0	0	0	0	0	0	0	0	0	0	0	0	0	0	46381.0	0	0	0	0	0	0	0	0	0	0
74128	SA2525	0	0	0	0	0	0	0	0	0	0	0	0	0	0	0	0	0	0	0	0	0	0	0	0	0	0	0	0	0	0	51432.0	0	0	0	0	0	0	0	0	0	0	0	0	0	0	0	0	0	0	0	0	0	0	0	0	0	0	0	0	0	0	0	0	0	0	0	0	0	0	0	0	0	0	0
74119	SA2138	0	581.0	0	0	0	0	0	0	0	0	0	0	0	0	0	0	0	0	0	0	0	9863.0	0	0	0	0	0	0	0	0	45781.0	0	0	0	0	0	0	0	0	0	0	0	0	0	0	0	0	0	0	0	0	0	0	0	1530.0	0	0	0	0	0	0	0	0	0	0	0	0	0	0	0	0	0	0	0
74135	SA765	0	0	0	0	0	0	0	0	0	0	0	0	0	0	0	0	0	0	0	0	0	0	0	0	0	0	0	0	0	0	0	100871.0	0	0	0	0	0	0	0	0	0	0	0	0	0	0	0	0	0	0	0	0	0	0	0	0	0	0	0	0	0	0	0	0	0	0	0	0	0	0	0	0	0	0
74104	SA2165	0	0	0	0	0	0	0	0	0	0	0	0	0	0	0	0	0	0	0	0	0	0	0	0	0	0	0	0	0	0	0	34835.0	0	0	0	0	0	0	0	0	0	0	0	0	0	0	0	0	0	0	0	0	0	0	0	0	0	0	0	0	0	0	0	0	0	0	0	0	0	0	0	0	0	0
74107	SA2153	0	0	0	0	148.0	0	0	0	0	0	0	0	0	0	39.0	0	0	0	0	0	0	0	0	228.0	0	0	0	0	0	0	0	0	0	0	0	0	0	0	0	0	0	0	0	0	0	0	0	0	0	0	0	0	0	0	0	0	0	0	0	0	0	0	0	0	63671.0	0	0	0	0	0	0	0	0	0
74129	SA725	0	204.0	0	0	0	0	0	0	0	0	0	0	0	0	0	0	0	0	0	0	0	0	0	0	0	0	0	0	0	0	0	0	30789.0	0	0	0	0	0	0	0	0	0	0	0	0	0	0	0	0	0	0	0	0	0	0	0	0	0	0	0	0	0	0	0	0	0	0	0	0	0	0	0	0	0
74106	SA2080	0	0	0	0	0	0	0	0	0	0	0	0	0	0	0	0	0	0	0	0	0	0	0	0	0	0	0	0	0	32.0	0	0	0	0	0	0	0	0	348.0	0	0	0	0	0	0	0	0	0	0	0	0	0	0	0	0	0	0	0	0	0	0	0	0	0	0	65558.0	0	0	0	0	0	0	0	0
74111	SA2142	0	0	0	0	0	0	0	0	0	0	0	0	0	0	0	0	0	0	0	0	0	0	0	0	0	0	0	0	0	0	0	0	0	0	0	0	0	0	0	0	0	48157.0	0	0	0	0	0	0	0	0	0	0	0	0	0	0	0	0	0	0	0	0	0	0	0	0	0	0	0	387.0	0	0	0	0
74060	SA310	0	0	0	0	0	0	0	0	0	0	0	0	0	0	0	0	0	0	0	0	0	0	0	0	0	0	0	0	0	0	0	0	0	0	0	0	0	0	0	0	0	0	0	0	0	0	0	0	0	0	0	0	0	0	0	0	0	0	0	0	0	0	0	0	0	0	19329.0	0	0	0	9825.0	0	0	0
74109	SA2196	0	0	0	0	0	0	0	0	515.0	0	0	0	0	0	0	0	0	0	0	0	0	0	0	0	23804.0	0	0	0	0	0	0	0	0	0	0	0	0	0	0	0	0	0	0	26069.0	0	0	0	0	0	0	0	0	0	0	0	0	0	0	361.0	0	0	0	0	0	0	0	0	0	0	0	0	0	0	0
74131	SA766	0	0	0	0	0	0	0	0	0	495.0	0	0	0	0	0	0	0	0	0	0	0	0	0	0	0	0	0	0	0	0	0	0	0	0	0	0	0	0	0	0	0	0	0	0	33517.0	0	0	0	0	0	0	0	0	0	0	0	0	0	0	0	0	0	0	0	0	0	0	0	0	0	0	0	0	0
74124	SA2432	189.0	0	0	0	0	0	0	0	0	0	0	0	14284.0	0	0	0	0	0	0	0	0	0	0	0	0	0	0	0	0	0	0	0	0	0	0	0	0	0	0	0	0	0	0	0	0	0	0	20015.0	0	0	0	0	0	0	0	0	0	0	0	0	0	0	0	0	0	0	0	0	0	0	0	0	0	0
74112	SA2148	0	0	0	0	0	0	0	0	0	0	0	0	0	0	0	0	0	0	0	0	0	0	0	0	0	0	0	0	0	0	0	0	0	0	0	0	0	0	0	0	0	0	0	0	0	0	0	0	0	0	0	0	0	0	0	0	0	0	0	0	0	0	0	0	0	0	0	0	48676.0	0	0	0	0	0
74103	SA389	0	0	0	0	0	0	0	0	0	0	0	0	0	0	0	0	0	0	0	0	0	0	0	0	0	0	0	0	0	0	0	0	0	0	0	0	0	0	0	0	0	0	0	0	0	0	0	0	0	66206.0	0	0	0	0	0	0	0	0	0	0	0	0	0	0	0	0	0	0	0	0	0	0	0	0
74086	SA38	0	0	0	0	0	0	0	0	0	0	0	0	0	0	0	0	0	0	0	0	0	0	0	0	0	0	0	0	0	0	0	0	0	0	0	0	0	0	0	0	0	0	0	0	0	0	0	0	0	0	29673.0	0	0	0	0	0	0	0	0	0	0	0	0	0	0	0	0	0	0	0	0	0	0	0
74091	SA55	0	0	0	0	0	0	0	0	0	0	0	0	0	0	0	0	0	0	0	0	0	0	0	0	0	0	0	0	0	0	0	0	0	0	0	0	0	0	0	0	0	0	0	0	0	0	0	0	0	0	0	0	35574.0	0	0	0	0	0	0	0	0	0	0	0	0	0	0	0	0	0	0	0	0	0
74062	SA361	0	0	0	0	0	0	0	0	0	0	0	0	0	0	0	0	0	0	0	0	0	0	0	0	0	0	0	0	0	0	0	0	0	0	0	0	0	0	0	0	0	0	0	0	0	0	0	0	0	0	0	0	0	0	0	0	0	0	0	0	0	0	0	0	0	0	0	0	0	0	0	56384.0	0	0
Sequence accession / SymPortal UID		883	883-4878-2111-958	883-4878-2111	883-958-2111-4878-914	883-1434	883-958	883-7626-958	883-4878-2111-3187-10042	883-958-4878-2111-2104	883-965	883-919	883-1472	517-1129-1140-1138	517	32-856	2-4-1116-2088-857-1113-1104-860-1110-833	2-4-860-1103-1108-1112	517-5968	517/4684-4075-5554			2/857/884-4		2-4-860-857	1489/517-1919-1920-1150	517-1140-1919-3403-1953-1596-9044-1585-5431	517/1489-1115	884/2-860-4	2-1489-4-857-860	517/1489-1584	517-1140-1138-1919-1596	517-1140-1138-1134-3403-1145-1328	517-857	632-5438-6112-6111	2	517-884-4-4549	1482-1483-1484-1485	32	32-856-857-4	1584-517-632	2678-32-2051	2-4-857-860-1104-875-1116-1109	4-32	27891	2-308	2-4-1116-857-1113-1104-860-2088-1110	2458	2-4-860	1584	517-1134-1140-1596-1138-9044-1953-5431	517-2032	32-25860	517-1574-523	4-2	853/933-854-1659-940	853-854-2332-1730-855-1752	853/854/1725-1726	854/853-1730-2332	853-854-2332-933-1730	853-854-933-935-940-934	853-854-933-940	853-933-854	853-854-1730-2308-855	854/853-933-1730	853-854-933-1730-2332-1659	853-854-2332-855-1730	27788	853-854-2308-1730	853-854-2057-2308-2332-1730	853-854-1730-2582-2332	853-854	853-854-855-1730	61515	62739
Average defining sequence proportions and [stdev]		1.000[0.000]	0.861[0.061]-0.059[0.040]-0.044[0.015]-0.036[0.014]	0.813[0.086]-0.114[0.082]-0.073[0.047]	0.832[0.121]-0.081[0.060]-0.042[0.035]-0.029[0.021]-0.017[0.004]	0.949[0.024]-0.051[0.024]	0.967[0.037]-0.033[0.037]	0.965[nan]-0.018[nan]-0.018[nan]	0.696[nan]-0.201[nan]-0.077[nan]-0.014[nan]-0.012[nan]	0.839[nan]-0.078[nan]-0.060[nan]-0.014[nan]-0.010[nan]	0.960[nan]-0.040[nan]	0.974[nan]-0.026[nan]	0.959[nan]-0.041[nan]	0.710[0.127]-0.118[0.124]-0.094[0.068]-0.079[0.038]	1.000[0.000]	0.699[0.161]-0.301[0.161]	0.333[0.024]-0.215[0.073]-0.090[0.024]-0.090[0.031]-0.058[0.044]-0.057[0.023]-0.055[0.019]-0.046[0.019]-0.040[0.032]-0.015[0.008]	0.560[0.103]-0.193[0.089]-0.091[0.035]-0.077[0.032]-0.044[0.006]-0.034[0.014]	0.854[0.115]-0.146[0.115]	0.575[0.175]-0.208[0.080]/0.171[0.181]-0.045[0.010]	0.588[0.232]/0.412[0.232]	0.709[0.215]/0.291[0.215]	0.376[0.146]/0.287[0.147]/0.222[0.106]-0.114[0.017]	0.689[0.321]/0.311[0.321]	0.545[0.072]-0.256[0.021]-0.111[0.040]-0.088[0.017]	0.623[0.417]/0.276[0.338]-0.058[0.053]-0.026[0.012]-0.017[0.018]	0.687[0.017]-0.069[0.062]-0.060[0.011]-0.043[0.004]-0.040[0.012]-0.035[0.009]-0.034[0.019]-0.021[0.014]-0.010[0.004]	0.611[0.389]/0.313[0.446]-0.077[0.057]	0.399[0.305]/0.352[0.188]-0.135[0.028]-0.113[0.089]	0.399[0.013]-0.282[0.026]-0.173[0.018]-0.078[0.037]-0.068[0.006]	0.524[0.343]/0.243[0.186]-0.233[0.157]	0.786[0.011]-0.092[0.009]-0.044[0.029]-0.042[0.004]-0.037[0.026]	0.401[0.058]-0.177[0.000]-0.130[0.030]-0.088[0.018]-0.080[0.002]-0.066[0.010]-0.058[0.003]	0.977[nan]-0.023[nan]	0.754[nan]-0.105[nan]-0.070[nan]-0.070[nan]	1.000[nan]	0.641[nan]-0.252[nan]-0.069[nan]-0.038[nan]	0.433[nan]-0.278[nan]-0.195[nan]-0.094[nan]	1.000[nan]	0.807[nan]-0.095[nan]-0.055[nan]-0.043[nan]	0.930[nan]-0.059[nan]-0.011[nan]	0.377[nan]-0.377[nan]-0.245[nan]	0.479[nan]-0.177[nan]-0.156[nan]-0.129[nan]-0.035[nan]-0.009[nan]-0.008[nan]-0.006[nan]	0.584[nan]-0.416[nan]	1.000[nan]	0.945[nan]-0.055[nan]	0.356[nan]-0.203[nan]-0.100[nan]-0.090[nan]-0.073[nan]-0.058[nan]-0.055[nan]-0.048[nan]-0.017[nan]	1.000[nan]	0.871[nan]-0.073[nan]-0.056[nan]	1.000[nan]	0.588[nan]-0.150[nan]-0.069[nan]-0.055[nan]-0.054[nan]-0.041[nan]-0.036[nan]-0.008[nan]	0.756[nan]-0.244[nan]	0.779[nan]-0.221[nan]	0.965[nan]-0.018[nan]-0.018[nan]	0.500[nan]-0.500[nan]	0.386[0.054]/0.292[0.097]-0.236[0.073]-0.065[0.027]-0.020[0.010]	0.551[0.063]-0.221[0.041]-0.075[0.032]-0.062[0.030]-0.052[0.046]-0.038[0.019]	0.404[0.092]/0.357[0.065]/0.180[0.095]-0.059[0.035]	0.476[0.179]/0.469[0.172]-0.036[0.009]-0.019[0.006]	0.639[0.071]-0.179[0.072]-0.103[0.084]-0.054[0.045]-0.024[0.010]	0.377[0.056]-0.265[0.008]-0.259[0.019]-0.038[0.020]-0.037[0.009]-0.023[0.014]	0.431[0.066]-0.283[0.059]-0.223[0.016]-0.064[0.032]	0.524[0.104]-0.276[0.071]-0.200[0.078]	0.532[0.082]-0.303[0.106]-0.065[0.026]-0.059[0.050]-0.041[0.047]	0.503[0.355]/0.404[0.240]-0.066[0.085]-0.027[0.029]	0.667[0.033]-0.191[0.018]-0.052[0.016]-0.035[0.007]-0.034[0.014]-0.021[0.006]	0.753[nan]-0.170[nan]-0.041[nan]-0.023[nan]-0.013[nan]	1.000[nan]	0.550[nan]-0.355[nan]-0.078[nan]-0.017[nan]	0.655[nan]-0.284[nan]-0.021[nan]-0.016[nan]-0.013[nan]-0.012[nan]	0.656[nan]-0.240[nan]-0.041[nan]-0.031[nan]-0.031[nan]	0.534[nan]-0.466[nan]	0.385[nan]-0.324[nan]-0.206[nan]-0.085[nan]	1.000[nan]	1.000[nan]
