ITS2 type profile UID		128171	126793	126942	128211	126826	126857	126865	126811	126834	128197	127136	127499	127930	127500	127609	127899	127900	127453	127944	127928	127084	127423	127428	127080	127095	127107	127237	127501	127392	127137	127929	127438	127322	128220	127458	127224	127610	127845	127764	127725	127716	127667	127831	127719
Clade		A	A	A	A	A	A	A	A	A	C	C	C	C	C	C	C	C	C	C	C	C	C	C	C	C	C	C	C	C	C	C	C	C	C	C	C	C	D	D	D	D	D	D	D
Majority ITS2 sequence		A1	A1	A1/A1gb	A1	A1	A1ee	A1	A1	A1	C3ae	C3ae/C3f	C3g/C3/C3f	C1	C3ae	C3bj	C1	C1	C3	C3ae/C1	C1	C1	C116	C116	C1	C1	C3v	C3	C3ae	C3	C1	C1	C1	C1	C1	C3	C21	C115k	D1	D1/D2d	D1	D1	D1	D6	D1
Associated species		S. microadriaticum	S. microadriaticum	S. microadriaticum	S. microadriaticum	S. microadriaticum	None	S. microadriaticum	S. microadriaticum	S. microadriaticum	None	None	None	S. goreaui	None	None	S. goreaui	S. goreaui	None	S. goreaui	S. goreaui	S. goreaui	None	None	S. goreaui	S. goreaui	S. goreaui	None	None	None	S. goreaui	S. goreaui	S. goreaui	S. goreaui	S. goreaui	None	None	None	S. glynnii,S. trenchii	S. glynnii	S. trenchii	S. glynnii	S. glynnii,S. trenchii	S. glynnii,S. trenchii	S. glynnii,S. trenchii
ITS2 profile abundance local		63	19	10	3	3	1	1	1	1	16	13	10	9	8	6	5	5	5	4	3	3	2	2	2	2	1	1	1	1	1	1	1	1	1	1	1	1	15	11	5	4	1	1	1
ITS2 profile abundance DB		63	322	10	17	5	10	13	37	48	17	16	40	789	40	6	79	202	60	6	251	38	12	42	58	78	9	68	23	40	30	39	77	138	41	107	40	3	79	11	92	42	21	124	17
ITS2 type profile		A1-A1gb-A1ee-A1gc	A1	A1/A1gb-A1ee	A1-A1ee	A1-A1ac-A1bn	A1ee-A1cl-A1-A1en	A1-A1eq-A1ep	A1/A1g	A1-A1z	C3ae	C3ae/C3f-C3-C3bj-C3p	C3g/C3f/C3ae/C3-C3h-C3bj-C3j	C1-C1b-C1c-C42.2-C1bh-C1br-C1cb-C72k	C3ae-C3f-C3bj-C3-C3h-C3p-C3j-C3ch	C3bj	C1-C1c-C1am-C1ao-C1an-C1b-C3cm-C42.2	C1/C3-C1c-C1b-C1w-C42.2	C3/C21	C3ae/C1-C3f-C3-C3bj-C3p	C1/C1c/C3-C1b-C72k	C1/C1c-C1b	C116-C116i-C116q	C116	C1	C1/C1c	C3/C3v/C1-C1q-C1n	C3	C3ae-C3f-C3g-C3bj-C3-C3h-C3j-C3p	C3u/C3	C1/C42.2	C1-C1c-C1al-C72k	C15/C1	C3/C1	C1/C3/C42.2/C1b	C3/C3.10	C21	C115k	D1-D4-D6-D1b-D1d-D6c-D2.2-D2	D1/D2d-D1ct	D1-D1u-D2-D4-D2.2	D1/D2d	D1/D4/D6-D2.2-D2	D1/D6-D4-D4c-D1d-D6c	D1/D2d/D6-D4
134562	230Mc2	14145.0	0	0	0	0	0	0	0	0	0	0	0	0	0	0	0	0	0	0	0	0	0	0	0	0	0	0	0	0	0	0	0	0	0	0	0	0	0	0	0	0	0	0	0
134559	226Mc2	33585.0	0	0	0	0	0	0	0	0	0	0	0	0	0	0	0	0	0	0	0	0	0	0	0	0	0	0	0	0	0	0	0	0	0	0	0	0	0	0	0	0	0	0	0
134468	266Mc	6926.0	0	0	0	0	0	0	0	0	0	0	0	0	0	0	0	0	0	0	0	0	0	0	0	0	0	0	0	0	0	0	0	0	0	0	0	0	0	0	0	0	0	0	0
134552	214Mc2	62810.0	0	0	0	0	0	0	0	0	0	0	0	0	0	0	0	0	0	0	0	0	0	0	0	0	0	0	0	0	0	0	0	0	0	0	0	0	0	0	0	0	0	0	0
134445	22NBOb	69392.0	0	0	0	0	0	0	0	0	0	0	0	0	0	0	0	0	0	0	0	0	0	0	0	0	0	0	0	0	0	0	0	0	0	0	0	0	0	0	0	0	0	0	0
134568	252Mc2	110893.0	0	0	0	0	0	0	0	0	0	0	0	0	0	0	0	0	0	0	0	0	0	0	0	0	0	0	0	0	0	0	0	0	0	0	0	0	0	0	0	0	0	0	0
134442	228Mc	11142.0	0	0	0	0	0	0	0	0	0	0	0	0	0	0	0	0	0	0	0	0	0	0	0	0	0	0	0	0	0	0	0	0	0	0	0	0	0	0	0	0	0	0	0
134555	218Mc2	17087.0	0	0	0	0	0	0	0	0	0	0	0	0	0	0	0	0	0	0	0	0	0	0	0	0	0	0	0	0	0	0	0	0	0	0	0	0	0	0	0	0	0	0	0
134434	215Mc	655812.0	0	0	0	0	0	0	0	0	0	0	0	0	0	0	0	0	0	0	0	0	0	0	0	0	0	0	0	0	0	0	0	0	0	0	0	0	0	0	0	0	0	0	0
134446	248Mc	37832.0	0	0	0	0	0	0	0	0	0	0	0	0	0	0	0	0	0	0	0	0	0	0	0	0	0	0	0	0	0	0	0	0	0	0	0	0	0	0	0	0	0	0	0
134570	256Mc2	65126.0	0	0	0	0	0	0	0	0	0	0	0	0	0	0	0	0	0	0	0	0	0	0	0	0	0	0	0	0	0	0	0	0	0	0	0	0	0	0	0	0	0	0	0
134580	268Mc2	128841.0	0	0	0	0	0	0	0	0	0	0	0	0	0	0	0	0	0	0	0	0	0	0	0	0	0	0	0	0	0	0	0	0	0	0	0	0	0	0	0	0	0	0	0
134558	225Oc2	56744.0	0	0	0	0	0	0	0	0	0	0	0	0	0	0	0	0	0	0	0	0	0	0	0	0	0	0	0	0	0	0	0	0	0	0	0	0	0	0	0	0	0	0	0
134561	227Mc2	50768.0	0	0	0	0	0	0	0	0	0	0	0	0	0	0	0	0	0	0	0	0	0	0	0	0	0	0	0	0	0	0	0	0	0	0	0	0	0	0	0	0	0	0	0
134569	255Mc2	119645.0	0	0	0	0	0	0	0	0	0	0	0	0	0	0	0	0	0	0	0	0	0	0	0	0	0	0	0	0	0	0	0	0	0	0	0	0	0	0	0	0	0	0	0
134563	231Mc2	68815.0	0	0	0	0	0	0	0	0	0	0	0	0	0	0	0	0	0	0	0	0	0	0	0	0	0	0	0	0	0	0	0	0	0	0	0	0	0	0	0	0	0	0	0
134579	266Oc2	107345.0	0	0	0	0	0	0	0	0	0	0	0	0	0	0	0	0	0	0	0	0	0	0	0	0	0	0	0	0	0	0	0	0	0	0	0	0	0	0	0	0	0	0	0
134595	30NBOb2	133434.0	0	0	0	0	0	0	0	0	0	0	0	0	0	0	0	0	0	0	0	0	0	0	0	0	0	0	0	0	0	0	0	0	0	0	0	0	0	0	0	0	0	0	0
134572	257Mc2	121663.0	0	0	0	0	0	0	0	0	0	0	0	0	0	0	0	0	0	0	0	0	0	0	0	0	0	0	0	0	0	0	0	0	0	0	0	0	0	0	0	0	0	0	0
134551	13NBOb2	132176.0	0	0	0	0	0	0	0	0	0	0	0	0	0	0	0	0	0	0	0	0	0	0	0	0	0	0	0	0	0	0	0	0	0	0	0	0	0	0	0	0	0	0	0
134575	260Mc2	137213.0	0	0	0	0	0	0	0	0	0	0	0	0	0	0	0	0	0	0	0	0	0	0	0	0	0	0	0	0	0	0	0	0	0	0	0	0	0	0	0	0	0	0	0
134566	248Oc2	107109.0	0	0	0	0	0	0	0	0	0	0	0	0	0	0	0	0	0	0	0	0	0	0	0	0	0	0	0	0	0	0	0	0	0	0	0	0	0	0	0	0	0	0	0
134588	296Mc2	134504.0	0	0	0	0	0	0	0	0	0	0	0	0	0	0	0	0	0	0	0	0	0	0	0	0	0	0	0	0	0	0	0	0	0	0	0	0	0	0	0	0	0	0	0
134474	270Mc	44126.0	0	0	0	0	0	0	0	0	0	0	0	0	0	0	0	0	0	0	0	0	0	0	0	0	0	0	0	0	0	0	0	0	0	0	0	0	0	0	0	0	0	0	0
134529	33BNMb	7623.0	0	0	0	0	0	0	0	0	0	0	0	0	0	0	0	0	0	0	0	0	0	0	0	0	0	0	0	0	0	0	0	0	0	0	0	0	0	0	0	0	0	0	0
134554	217Oc2	98051.0	0	0	0	0	0	0	0	0	0	0	0	0	0	0	0	0	0	0	0	0	0	0	0	0	0	0	0	0	0	0	0	0	0	0	0	0	0	0	0	0	0	0	0
134453	255Oc	62596.0	0	0	0	0	0	0	0	0	0	0	0	0	0	0	0	0	0	0	0	0	0	0	0	0	0	0	0	0	0	0	0	0	0	0	0	0	0	0	0	0	0	0	0
134564	231Oc2	135420.0	0	0	0	0	0	0	0	0	0	0	0	0	0	0	0	0	0	0	0	0	0	0	0	0	0	0	0	0	0	0	0	0	0	0	0	0	0	0	0	0	0	0	0
134486	291Mc	25327.0	0	0	0	0	0	0	0	0	0	0	0	0	0	0	0	0	0	0	0	0	0	0	0	0	0	0	0	0	0	0	0	0	0	0	0	0	0	0	0	0	0	0	0
134432	20NBOb	55800.0	0	0	0	0	0	0	0	0	0	0	0	0	0	0	0	0	0	0	0	0	0	0	0	0	0	0	0	0	0	0	0	0	0	0	0	0	0	0	0	0	0	0	0
134576	262Mc2	162111.0	0	0	0	0	0	0	0	0	0	0	0	0	0	0	0	0	0	0	0	0	0	0	0	0	0	0	0	0	0	0	0	0	0	0	0	0	0	0	0	0	0	0	0
134577	262Oc2	116586.0	0	0	0	0	0	0	0	0	0	0	0	0	0	0	0	0	0	0	0	0	0	0	0	0	0	0	0	0	0	0	0	0	0	0	0	0	0	0	0	0	0	0	0
134488	293Mc	19743.0	0	0	0	0	0	0	0	0	0	0	0	0	0	0	0	0	0	0	0	0	0	0	0	0	0	0	0	0	0	0	0	0	0	0	0	0	0	0	0	0	0	0	0
134441	227Oc	56972.0	0	0	0	0	0	0	0	0	0	0	0	0	0	0	0	0	0	0	0	0	0	0	0	0	0	0	0	0	0	0	0	0	0	0	0	0	0	0	0	0	0	0	0
134440	225Mc	4417.0	0	0	0	0	0	0	0	0	0	0	0	0	0	0	0	0	0	0	0	0	0	0	0	0	0	0	0	0	0	0	0	0	0	0	0	0	0	0	0	0	0	0	0
134573	259Mc2	161669.0	0	0	0	0	0	0	0	0	0	0	0	0	0	0	0	0	0	0	0	0	0	295.0	0	0	0	0	0	0	0	0	0	0	0	0	0	0	0	0	0	0	0	0	0
134475	270Oc	63074.0	0	0	0	0	0	0	0	0	0	0	0	0	0	0	0	0	0	0	0	0	0	0	0	0	0	0	0	0	0	0	0	0	0	0	0	0	0	0	0	0	0	0	0
134457	257Oc	44830.0	0	0	0	0	0	0	0	0	0	0	0	0	0	0	0	0	0	0	0	0	0	0	0	0	0	0	0	0	0	0	0	0	0	0	0	0	0	0	0	0	0	0	0
134464	263Mc	2768.0	0	0	0	0	0	0	0	0	0	0	0	0	0	0	0	0	0	0	0	0	0	0	0	0	0	0	0	0	0	0	0	0	0	0	0	0	0	0	0	0	0	0	0
134459	259Oc	66310.0	0	0	0	0	0	0	0	0	0	0	0	0	0	0	0	0	0	0	0	0	0	0	0	0	0	0	0	0	0	0	0	0	0	0	0	0	0	0	0	0	0	0	0
134473	26NBOb	65638.0	0	0	0	0	0	0	0	0	0	0	0	0	0	0	0	0	0	0	0	323.0	0	0	0	0	0	0	0	0	0	0	0	0	0	0	0	0	0	0	0	0	0	0	0
134535	39BNMb	65491.0	0	0	0	0	0	0	0	0	0	0	0	0	0	0	0	0	0	0	0	401.0	0	0	0	0	0	0	0	0	0	0	0	0	0	0	0	0	0	0	0	0	0	0	0
134435	217Mc	13254.0	0	0	0	0	0	0	0	0	0	0	0	0	0	0	0	0	0	0	0	0	0	0	0	0	0	0	0	0	0	0	0	0	0	0	0	0	0	0	0	0	0	0	0
134443	228Oc	6087.0	0	0	0	0	0	0	0	0	0	0	0	0	0	0	0	0	0	0	0	0	0	0	0	0	0	0	0	0	0	0	0	0	0	0	0	0	0	0	0	0	0	0	0
134477	271Oc	50854.0	0	0	0	0	0	0	0	0	0	0	0	0	0	0	0	0	0	0	0	0	0	0	0	0	0	0	0	0	0	0	0	0	0	0	0	0	0	0	0	0	0	0	0
134476	271Mc	59429.0	0	0	0	0	0	0	0	0	0	0	0	0	0	0	0	0	0	0	0	0	0	0	0	0	0	0	0	0	0	0	0	0	0	0	0	0	0	0	0	0	0	0	0
134489	294Mc	10876.0	0	0	0	0	0	0	0	0	0	0	0	0	0	0	0	0	0	0	0	0	0	0	0	0	0	0	0	0	0	0	0	0	0	0	0	0	0	0	0	0	0	0	0
134567	250Mc2	32238.0	0	0	0	0	0	0	0	0	0	0	0	0	0	0	0	0	0	0	0	0	0	275.0	0	0	0	0	0	0	0	0	0	0	0	0	0	0	0	0	0	0	0	0	0
134549	10NBOb2	161062.0	0	0	0	0	0	0	0	0	0	0	0	0	0	0	0	0	0	0	420.0	0	0	0	0	0	0	0	0	0	0	0	0	0	0	0	0	0	0	0	0	0	0	0	0
134587	295Mc2	133082.0	0	0	0	0	0	0	0	0	1561.0	0	0	0	0	158.0	0	0	246.0	0	0	0	0	0	0	0	0	0	0	0	0	0	0	0	0	0	0	0	0	0	0	0	0	0	0
134444	229Mc	9470.0	0	0	0	0	0	0	0	0	0	0	0	0	0	99.0	0	0	0	0	0	0	0	0	0	0	0	0	0	0	0	0	0	0	0	0	0	0	0	0	0	0	0	0	0
134571	256Oc2	103374.0	0	0	0	0	0	0	0	0	0	0	0	0	0	0	0	0	0	0	0	0	2852.0	0	0	0	0	0	0	0	0	0	0	0	0	0	0	0	0	0	0	0	0	0	0
134582	272Mc2	98944.0	0	0	0	0	0	0	0	0	0	0	0	0	0	0	0	0	0	0	0	2853.0	0	0	0	0	0	0	0	0	0	0	0	0	0	0	0	0	0	3128.0	0	0	0	0	0
134467	265Mc	61708.0	0	0	0	0	0	0	0	0	1494.0	0	0	0	0	0	0	0	0	0	0	0	0	0	0	0	0	0	0	0	0	0	618.0	0	0	0	0	0	0	0	0	1841.0	0	0	0
134560	226Oc2	70099.0	0	0	0	0	0	0	0	0	0	0	0	0	0	0	0	0	0	0	0	0	4905.0	0	0	0	0	0	0	0	0	0	0	0	0	0	0	0	0	0	0	0	0	0	0
134448	24NBOb	62011.0	0	0	0	0	0	0	0	0	0	0	0	0	0	0	0	0	0	0	0	0	0	0	0	0	0	0	0	0	0	0	0	0	0	0	0	0	0	0	12716.0	0	0	0	0
134485	28NBOb	65362.0	0	0	0	0	0	0	0	0	0	0	0	0	0	0	0	4341.0	0	0	0	0	0	0	0	0	0	0	0	0	0	0	0	0	0	0	0	0	8252.0	0	0	0	0	0	0
134531	35BNMb	54812.0	0	0	0	0	0	0	0	0	0	0	0	0	0	0	0	0	0	0	0	0	0	0	0	0	0	0	0	0	3717.0	0	0	0	0	0	0	0	0	5000.0	0	0	0	0	0
134584	280Mc2	16302.0	0	0	0	0	0	0	0	0	897.0	0	0	0	0	223.0	0	0	0	0	0	0	0	0	0	0	0	0	0	0	0	0	0	0	0	0	0	0	0	6628.0	0	0	0	0	0
134540	45BNMb	38896.0	0	0	0	0	0	0	0	0	1853.0	0	0	0	0	344.0	0	0	0	0	0	0	0	0	1592.0	0	0	0	0	0	0	0	0	0	0	0	0	0	0	0	0	0	0	16319.0	0
134433	213Mc	0	9890.0	0	0	0	0	0	0	0	0	0	0	0	0	0	0	0	0	0	0	0	0	0	0	0	0	0	0	0	0	0	0	0	0	0	0	0	0	0	0	0	0	0	0
134545	6NBOb	0	44360.0	0	0	0	0	0	0	0	0	0	0	0	0	0	0	0	0	0	0	0	0	0	0	0	0	0	0	0	0	674.0	0	0	0	0	0	0	0	0	0	0	0	0	0
134427	15NBOb	0	88434.0	0	0	0	0	0	0	0	560.0	0	0	0	0	0	0	0	0	0	0	0	0	0	0	0	0	0	0	0	0	0	0	0	2283.0	0	0	0	0	0	0	0	1869.0	0	0
134556	219Mc2	0	889.0	0	0	0	0	0	0	0	0	0	0	0	0	0	0	0	0	0	0	0	0	0	0	0	0	0	0	0	0	0	0	0	0	0	0	0	0	0	0	0	0	0	0
134557	222Mc2	0	8906.0	0	0	0	0	0	0	0	360.0	0	0	0	0	0	0	0	0	0	0	0	0	0	0	0	0	0	0	0	0	0	0	0	0	316.0	0	0	0	617.0	0	0	0	0	0
134487	292Mc	0	2091.0	0	0	0	0	0	0	0	0	0	0	0	0	0	0	0	0	703.0	0	0	0	0	0	0	0	0	0	0	0	0	0	0	0	0	0	0	0	0	0	0	0	0	0
134470	267Mc	0	34822.0	0	0	0	0	0	0	0	3712.0	0	0	0	0	0	0	0	0	0	0	0	0	0	0	0	0	0	0	0	0	0	0	0	0	0	0	0	0	0	0	0	0	0	0
134585	283Mc2	0	2396.0	0	0	0	0	0	0	0	0	0	0	0	0	0	0	0	0	0	0	0	0	0	0	0	0	0	0	0	0	0	0	0	0	0	0	0	0	0	0	620.0	0	0	0
134553	216Mc2	0	391.0	0	0	0	0	0	0	0	0	0	0	0	0	0	0	0	0	0	0	0	0	0	0	0	0	0	0	0	0	0	0	0	0	0	0	0	0	0	0	207.0	0	0	0
134565	232Mc2	0	4742.0	0	0	0	0	0	0	0	52.0	0	0	0	0	63.0	0	0	0	0	0	0	0	0	0	0	0	0	0	0	0	0	0	0	0	0	0	128.0	0	1367.0	0	0	0	0	0
134602	320Of2	0	0	0	0	0	0	0	0	0	6485.0	0	0	0	0	0	0	0	3336.0	0	0	0	0	0	0	0	0	0	0	0	0	0	0	0	0	0	0	0	0	0	0	0	0	0	0
134574	25NBOb2	0	0	0	0	0	0	0	0	0	0	0	0	0	0	0	0	0	0	0	0	0	0	0	0	0	0	0	0	0	0	0	0	0	0	0	0	0	37591.0	0	0	0	0	0	0
134546	7NBOb	0	0	0	0	0	0	0	0	0	0	0	0	0	0	0	851.0	0	0	0	0	0	0	0	0	0	0	0	0	0	0	0	0	0	0	0	0	0	43057.0	0	0	0	0	0	0
134536	3NBOb	0	0	324.0	0	0	0	0	0	0	0	0	0	0	0	0	520.0	0	0	0	0	0	0	0	0	0	0	0	0	0	0	0	0	0	0	0	0	0	51692.0	0	0	0	0	0	0
134534	38BNMb	0	0	255.0	0	0	0	0	0	0	0	0	0	0	0	0	1583.0	0	0	0	0	0	0	0	0	0	0	0	0	0	0	0	0	0	0	0	0	0	44694.0	0	0	0	0	0	0
134428	17NBOb	0	304.0	0	0	0	0	0	0	0	0	0	0	0	0	0	2186.0	0	0	0	0	0	0	0	0	0	0	0	0	49.0	0	0	0	0	0	0	0	0	43443.0	0	0	0	0	0	0
134542	4NBOb	0	0	0	0	0	0	0	0	0	0	0	0	0	0	0	0	0	0	0	0	0	0	0	0	0	6069.0	0	0	0	0	0	0	0	0	0	0	0	45981.0	0	0	0	0	0	0
134429	18NBOb	0	308.0	0	0	0	0	0	0	0	0	0	0	0	0	0	0	0	0	6116.0	0	0	0	0	0	0	0	0	0	0	0	0	0	0	0	0	0	0	33984.0	0	0	0	0	0	0
134608	44BNMb2	0	0	0	0	1155.0	0	0	0	0	0	0	0	0	0	0	0	0	0	0	30906.0	0	0	0	0	0	0	0	0	0	0	0	0	0	0	0	0	0	80970.0	0	0	0	0	0	0
134547	8NBOb	0	0	0	0	0	0	0	0	0	0	0	0	0	10183.0	0	0	0	0	0	0	0	0	0	0	676.0	0	0	0	0	0	0	0	0	0	0	0	0	35958.0	0	0	0	0	0	0
134607	43BNMb2	0	0	556.0	0	0	0	0	0	0	0	0	0	0	0	0	0	33838.0	0	0	0	0	0	0	0	0	0	0	0	0	0	0	0	0	0	0	0	0	74197.0	0	0	0	0	0	0
134426	14NBOb	0	0	0	0	0	0	0	1093.0	0	0	0	0	0	0	0	0	0	0	16069.0	0	0	0	0	0	0	0	0	0	0	0	0	0	0	0	0	0	0	33931.0	0	0	0	0	0	0
134533	37BNMb	0	0	0	0	0	0	0	0	0	0	0	0	18060.0	0	0	0	0	0	0	0	0	0	0	0	0	0	0	0	0	0	0	0	0	0	0	0	0	23865.0	0	0	0	0	0	0
134550	12NBOb2	281.0	0	0	0	0	0	0	0	0	0	0	0	19608.0	0	0	0	0	0	0	0	0	0	0	0	0	0	0	0	0	0	0	0	0	0	0	0	0	21242.0	0	0	0	0	0	0
134604	323Of2	0	0	0	0	0	0	0	0	0	0	42237.0	0	0	0	0	0	0	0	0	0	0	0	0	0	0	0	0	0	0	0	0	0	0	0	0	0	0	0	0	0	0	0	0	0
134581	269Oc2	0	928.0	0	0	0	0	0	0	0	0	89170.0	0	0	0	0	0	0	0	0	0	0	0	0	0	0	0	0	0	0	0	0	0	0	0	0	0	0	0	0	0	0	0	0	0
134603	322Of2	0	0	0	0	0	0	0	0	0	0	49489.0	0	0	0	0	0	0	0	0	0	0	0	0	0	0	0	0	0	0	0	0	0	0	0	0	0	0	0	0	0	0	0	0	0
134597	316Of2	0	0	0	0	0	0	0	0	0	0	21825.0	0	0	0	0	0	0	0	0	0	0	0	0	0	0	0	0	0	0	0	0	0	0	0	0	0	0	0	0	0	0	0	0	0
134447	249Mc	4444.0	0	0	0	0	0	0	0	0	0	43753.0	0	0	0	0	0	0	0	0	0	0	0	0	0	0	0	0	0	0	0	0	0	0	0	0	0	0	0	0	0	0	0	0	0
134592	307Af2	0	0	0	0	0	0	0	0	0	0	53728.0	0	0	0	0	0	0	0	0	0	0	0	0	0	0	0	0	0	0	0	0	0	0	0	0	0	0	0	0	0	0	0	0	0
134500	306Af	0	0	0	0	0	0	0	0	0	0	3608.0	0	0	0	0	0	0	0	0	0	0	0	0	0	0	0	0	0	0	0	0	0	0	0	0	0	0	0	0	0	0	0	0	0
134596	311Af2	0	0	0	0	0	0	0	0	0	0	24576.0	0	0	0	0	0	0	0	0	0	0	0	0	0	0	0	0	0	0	0	0	0	0	0	0	0	0	0	0	0	0	0	0	0
134513	316Af	0	0	0	0	0	0	0	0	0	0	8359.0	0	0	0	0	0	0	0	0	0	0	0	0	0	0	0	0	0	0	0	0	0	0	0	0	0	0	0	0	0	0	0	0	0
134598	317Af2	0	234.0	0	0	0	0	0	0	0	0	3018.0	0	0	0	0	0	0	0	0	0	0	0	0	0	0	0	0	0	0	0	0	0	0	0	0	0	0	0	327.0	0	0	0	0	0
134606	34BNMb2	0	0	2722.0	0	0	0	0	0	0	0	0	0	0	0	0	0	0	0	0	0	0	0	0	2736.0	0	0	0	0	0	0	0	0	0	0	0	0	0	0	10731.0	0	0	0	0	0
134498	304Of	0	0	0	0	0	0	0	0	0	0	0	21053.0	0	0	0	0	0	0	0	0	0	0	0	0	0	0	0	0	0	0	0	0	0	0	0	0	0	0	0	0	0	0	0	0
134495	302Af	0	0	0	0	0	0	0	0	0	0	0	29775.0	0	0	0	0	0	0	0	0	0	0	0	0	0	0	0	0	0	0	0	0	0	0	0	0	0	0	0	0	0	0	0	0
134504	310Of	0	0	0	0	0	0	0	0	0	0	0	23329.0	0	0	0	0	0	0	0	0	0	0	0	0	0	0	0	0	0	0	0	0	0	0	0	0	0	0	0	0	0	0	0	0
134499	305Of	0	0	0	0	0	0	0	0	0	0	0	9107.0	0	0	0	0	0	0	0	0	0	0	0	0	0	0	0	0	0	0	0	0	0	0	0	0	0	0	0	0	0	0	0	0
134494	301Of	0	0	0	0	0	0	0	0	0	0	0	16245.0	0	0	0	0	0	0	0	0	0	0	0	0	0	0	0	0	0	0	0	0	0	0	0	0	0	0	0	0	0	0	0	0
134496	303Of	0	0	0	0	0	0	0	0	0	0	0	4499.0	0	0	0	0	0	0	0	0	0	0	0	0	0	0	0	0	0	0	0	0	0	0	0	0	0	0	0	0	0	0	0	0
134511	314Af	0	0	215.0	0	0	0	0	0	0	0	0	24412.0	0	0	0	0	0	0	0	0	0	0	0	0	0	0	0	0	0	0	0	0	0	0	0	0	0	0	0	0	0	0	0	0
134516	317Of	0	0	0	0	0	0	0	0	0	0	0	4666.0	0	0	0	0	0	0	0	0	0	0	0	0	0	0	0	0	0	0	0	0	0	0	0	0	0	0	0	0	0	0	0	0
134510	313Of	0	0	0	0	0	0	0	0	0	0	0	24745.0	0	0	0	0	0	0	0	0	0	0	0	0	0	0	0	0	0	0	0	0	0	0	0	0	0	0	0	0	0	0	0	0
134512	314Of	0	0	0	0	0	0	0	0	0	0	0	9852.0	0	0	0	0	0	0	0	0	0	0	0	0	0	0	0	0	0	0	0	0	0	0	0	0	0	0	0	0	0	0	0	0
134438	220Mc	0	0	55777.0	0	0	0	0	0	0	0	0	0	0	0	0	0	0	0	0	0	0	0	0	0	0	0	0	0	0	0	0	0	0	0	0	0	0	0	0	0	0	0	0	0
134578	264Mc2	0	0	28975.0	0	0	0	0	0	0	0	0	0	0	0	0	0	0	0	0	0	0	0	0	0	0	0	0	0	0	0	0	0	0	0	0	0	0	0	1564.0	0	0	0	0	0
134439	221Mc	0	0	21920.0	0	0	0	0	0	0	1626.0	0	0	0	0	538.0	0	0	0	0	0	0	0	0	0	0	0	0	0	0	0	0	0	0	0	0	0	0	0	0	0	0	0	0	0
134450	251Mc	0	0	31862.0	0	0	0	0	0	0	834.0	0	0	0	0	0	0	0	0	0	0	0	0	0	0	0	0	1135.0	0	0	0	0	0	0	0	0	0	0	0	8978.0	0	0	0	0	0
134586	28BNMb2	0	255.0	0	0	0	0	0	0	0	0	0	0	86908.0	0	0	0	0	0	0	0	0	0	0	0	0	0	0	0	0	0	0	0	0	0	0	0	0	0	0	0	0	0	0	0
134610	9NBOb2	0	0	0	0	652.0	0	0	0	0	0	0	0	59708.0	0	0	0	0	0	0	0	0	0	0	0	0	0	0	0	0	0	0	0	0	0	0	0	0	0	0	0	0	0	0	0
134423	11NBOb	0	0	0	0	0	0	0	0	0	0	0	0	41632.0	0	0	0	0	0	0	0	0	0	0	0	0	0	0	0	0	0	0	0	0	0	0	0	0	0	0	0	0	0	0	0
134492	29NBOb	0	0	0	0	0	0	0	0	0	0	0	0	67691.0	0	0	0	0	0	0	0	0	0	0	0	0	0	0	0	0	0	0	0	0	0	0	0	0	0	0	0	0	0	0	0
134493	2NBOb	0	0	0	0	0	0	0	0	0	0	0	0	51299.0	0	0	0	0	0	0	0	0	0	0	0	0	0	0	0	0	0	0	0	0	0	0	0	0	0	0	0	0	0	0	0
134537	41BNMb	0	0	0	0	0	0	0	0	0	0	0	0	26882.0	0	0	0	0	0	0	0	0	0	0	0	0	0	0	0	0	0	0	0	0	0	0	0	0	9779.0	0	0	0	0	0	0
134430	19NBOb	0	23232.0	0	0	0	0	0	0	0	0	0	0	27461.0	0	0	0	0	0	0	0	0	0	0	0	0	0	0	0	0	0	0	0	0	0	0	0	0	0	0	0	0	0	0	230.0
134518	318Of	0	0	0	0	0	0	0	0	0	0	0	0	0	22525.0	0	0	0	0	0	0	0	0	0	0	0	0	0	0	0	0	0	0	0	0	0	0	0	0	0	0	0	0	0	0
134517	318Af	0	0	0	0	0	0	0	0	0	0	0	0	0	6048.0	0	0	0	0	0	0	0	0	0	0	0	0	0	0	0	0	0	0	0	0	0	0	0	0	0	0	0	0	0	0
134508	312Of	0	0	0	0	0	0	0	0	0	0	0	0	0	26413.0	0	0	0	0	0	0	0	0	0	0	0	0	0	0	0	0	0	0	0	0	0	0	0	0	0	0	0	0	0	0
134507	312Af	0	0	0	0	0	0	0	0	0	0	0	0	0	12824.0	0	0	0	0	0	0	0	0	0	0	0	0	0	0	0	0	0	0	0	0	0	0	0	0	0	0	0	0	0	0
134528	324Of	0	0	0	0	0	0	0	0	0	0	0	0	0	3342.0	0	0	0	0	0	0	0	0	0	0	0	0	0	0	0	0	0	0	0	0	0	0	0	0	0	0	0	0	0	0
134523	322Af	0	0	0	0	0	0	0	0	0	0	0	0	0	3785.0	0	0	0	0	0	0	0	0	0	0	0	0	0	0	0	0	0	0	0	0	0	0	0	0	0	0	0	0	0	0
134525	323Af	0	0	0	0	0	0	0	0	0	0	0	0	0	18786.0	0	0	0	0	0	0	0	0	0	0	0	0	0	0	0	0	0	0	0	0	0	0	0	0	0	0	0	0	0	0
134609	5NBOb2	0	0	0	0	203.0	0	0	0	0	0	0	0	0	0	0	0	87407.0	0	0	0	0	0	0	0	0	0	0	0	0	0	0	0	0	0	0	0	0	0	0	0	0	0	0	0
134594	30BNMb2	0	0	0	0	0	0	0	0	0	0	0	0	0	0	0	0	28189.0	0	0	0	0	0	0	0	0	0	0	0	0	0	0	0	0	0	0	0	0	0	0	0	0	0	0	0
134583	27NBOb2	0	1714.0	0	0	0	0	0	0	0	8014.0	0	0	0	0	0	0	68075.0	0	0	0	0	0	0	0	0	0	0	0	0	0	0	0	0	0	0	0	0	0	0	0	0	0	0	0
134593	309Af2	0	0	0	0	0	0	0	0	0	3454.0	0	0	0	0	0	0	0	6521.0	0	0	0	0	0	0	0	0	0	0	0	0	0	0	0	0	0	0	0	0	0	0	0	0	0	0
134590	301Af2	1359.0	0	0	0	0	0	0	0	0	14624.0	0	0	0	0	0	0	0	27813.0	0	0	0	0	0	0	0	0	0	0	0	0	0	0	0	0	0	0	0	0	0	0	0	0	0	0
134591	304Af2	0	800.0	0	0	0	0	0	0	0	16522.0	0	0	0	0	0	0	0	17128.0	0	0	0	0	0	0	0	0	0	0	0	0	0	0	0	0	0	0	0	0	137.0	0	0	0	0	0
134605	324Af2	0	0	0	0	0	0	0	0	0	0	577.0	0	0	0	0	0	0	0	0	0	0	0	0	0	0	0	0	0	0	0	0	0	0	0	0	0	0	0	0	49148.0	0	0	0	0
134599	319Af2	0	0	0	0	0	0	0	0	0	0	208.0	0	0	0	0	0	0	0	0	0	0	0	0	0	0	0	0	0	0	0	0	0	0	0	0	17.0	0	0	0	25070.0	0	0	0	0
134431	1NBOb	0	0	0	0	0	0	620.0	0	0	0	0	0	0	0	0	1020.0	0	0	0	0	0	0	0	0	0	0	0	0	0	0	0	0	0	0	0	0	0	0	0	53861.0	0	0	0	0
134600	319Of2	0	0	0	0	0	0	0	0	0	0	357.0	0	0	0	0	0	0	0	0	0	0	0	0	0	0	0	0	0	0	0	0	0	0	0	0	0	0	0	0	3828.0	0	0	0	0
134543	50BNMb	0	0	7784.0	0	0	0	0	0	0	0	0	0	0	0	0	0	0	0	43454.0	0	0	0	0	0	0	0	0	0	0	0	0	0	0	0	0	0	0	0	0	0	8345.0	0	0	0
134589	29BNMb2	0	0	0	119435.0	0	0	0	0	0	0	0	0	0	0	0	0	0	0	0	0	0	0	0	0	0	0	0	0	0	0	0	0	0	0	0	0	0	0	0	0	0	0	0	0
134541	46BNMb	0	0	0	25596.0	0	0	0	0	0	0	0	0	0	0	0	0	0	0	0	0	0	0	0	0	0	0	0	0	0	0	0	0	0	0	0	0	0	0	0	0	0	0	0	0
134465	263Oc	0	0	0	56487.0	0	0	0	0	0	0	0	0	0	0	0	0	0	0	0	0	0	0	0	0	0	0	0	0	0	0	0	0	0	0	0	0	0	0	0	0	0	0	0	0
134480	27BNMb	0	0	0	0	0	66324.0	0	0	0	0	0	0	0	0	0	0	0	0	0	0	0	0	0	0	0	0	0	0	0	0	0	0	0	0	0	0	0	0	0	0	0	0	0	0
134506	311Of	0	0	0	0	0	0	0	0	0	0	0	0	0	0	0	0	0	0	0	0	0	0	0	0	933.0	0	0	20092.0	0	0	0	0	0	0	0	0	0	0	0	0	0	0	0	0
134601	31BNMb2	0	1156.0	0	0	0	0	0	0	0	1580.0	0	0	0	0	0	0	0	0	0	0	0	0	0	0	0	0	0	0	0	0	0	0	7356.0	0	0	0	0	0	6160.0	0	0	0	0	0
134532	36BNMb	0	0	0	0	0	0	0	0	51497.0	0	0	0	0	0	0	0	0	0	0	233.0	0	0	0	0	0	0	0	0	0	0	0	0	0	0	0	0	0	0	0	0	0	0	0	0
134548	9NBOb	0	0	0	0	0	0	0	0	0	0	0	0	0	0	0	0	0	0	0	0	0	0	0	0	0	0	0	0	0	0	0	0	0	0	0	0	0	0	0	0	0	0	0	0
134544	5NBOb	0	0	0	0	0	0	0	0	0	0	0	0	0	0	0	0	0	0	0	0	0	0	0	0	0	0	0	0	0	0	0	0	0	0	0	0	0	0	0	0	0	0	0	0
134539	44BNMb	0	0	0	0	0	0	0	0	0	0	0	0	0	0	0	0	0	0	0	0	0	0	0	0	0	0	0	0	0	0	0	0	0	0	0	0	0	0	0	0	0	0	0	0
134538	43BNMb	0	0	0	0	0	0	0	0	0	0	0	0	0	0	0	0	0	0	0	0	0	0	0	0	0	0	0	0	0	0	0	0	0	0	0	0	0	0	0	0	0	0	0	0
134530	34BNMb	0	0	0	0	0	0	0	0	0	0	0	0	0	0	0	0	0	0	0	0	0	0	0	0	0	0	0	0	0	0	0	0	0	0	0	0	0	0	0	0	0	0	0	0
134527	324Af	0	0	0	0	0	0	0	0	0	0	0	0	0	0	0	0	0	0	0	0	0	0	0	0	0	0	0	0	0	0	0	0	0	0	0	0	0	0	0	0	0	0	0	0
134526	323Of	0	0	0	0	0	0	0	0	0	0	0	0	0	0	0	0	0	0	0	0	0	0	0	0	0	0	0	0	0	0	0	0	0	0	0	0	0	0	0	0	0	0	0	0
134524	322Of	0	0	0	0	0	0	0	0	0	0	0	0	0	0	0	0	0	0	0	0	0	0	0	0	0	0	0	0	0	0	0	0	0	0	0	0	0	0	0	0	0	0	0	0
134522	321Af	0	0	0	0	0	0	0	0	0	0	0	0	0	0	0	0	0	0	0	0	0	0	0	0	0	0	0	0	0	0	0	0	0	0	0	0	0	0	0	0	0	0	0	0
134521	31BNMb	0	0	0	0	0	0	0	0	0	0	0	0	0	0	0	0	0	0	0	0	0	0	0	0	0	0	0	0	0	0	0	0	0	0	0	0	0	0	0	0	0	0	0	0
134520	319Of	0	0	0	0	0	0	0	0	0	0	0	0	0	0	0	0	0	0	0	0	0	0	0	0	0	0	0	0	0	0	0	0	0	0	0	0	0	0	0	0	0	0	0	0
134519	319Af	0	0	0	0	0	0	0	0	0	0	0	0	0	0	0	0	0	0	0	0	0	0	0	0	0	0	0	0	0	0	0	0	0	0	0	0	0	0	0	0	0	0	0	0
134515	317Af	0	0	0	0	0	0	0	0	0	0	0	0	0	0	0	0	0	0	0	0	0	0	0	0	0	0	0	0	0	0	0	0	0	0	0	0	0	0	0	0	0	0	0	0
134514	316Of	0	0	0	0	0	0	0	0	0	0	0	0	0	0	0	0	0	0	0	0	0	0	0	0	0	0	0	0	0	0	0	0	0	0	0	0	0	0	0	0	0	0	0	0
134509	313Af	0	0	0	0	0	0	0	0	0	0	0	0	0	0	0	0	0	0	0	0	0	0	0	0	0	0	0	0	0	0	0	0	0	0	0	0	0	0	0	0	0	0	0	0
134505	311Af	0	0	0	0	0	0	0	0	0	0	0	0	0	0	0	0	0	0	0	0	0	0	0	0	0	0	0	0	0	0	0	0	0	0	0	0	0	0	0	0	0	0	0	0
134503	30NBOb	0	0	0	0	0	0	0	0	0	0	0	0	0	0	0	0	0	0	0	0	0	0	0	0	0	0	0	0	0	0	0	0	0	0	0	0	0	0	0	0	0	0	0	0
134502	30BNMb	0	0	0	0	0	0	0	0	0	0	0	0	0	0	0	0	0	0	0	0	0	0	0	0	0	0	0	0	0	0	0	0	0	0	0	0	0	0	0	0	0	0	0	0
134501	309Af	0	0	0	0	0	0	0	0	0	0	0	0	0	0	0	0	0	0	0	0	0	0	0	0	0	0	0	0	0	0	0	0	0	0	0	0	0	0	0	0	0	0	0	0
134497	304Af	0	0	0	0	0	0	0	0	0	0	0	0	0	0	0	0	0	0	0	0	0	0	0	0	0	0	0	0	0	0	0	0	0	0	0	0	0	0	0	0	0	0	0	0
134491	29BNMb	0	0	0	0	0	0	0	0	0	0	0	0	0	0	0	0	0	0	0	0	0	0	0	0	0	0	0	0	0	0	0	0	0	0	0	0	0	0	0	0	0	0	0	0
134490	296Mc	0	0	0	0	0	0	0	0	0	0	0	0	0	0	0	0	0	0	0	0	0	0	0	0	0	0	0	0	0	0	0	0	0	0	0	0	0	0	0	0	0	0	0	0
134484	28BNMb	0	0	0	0	0	0	0	0	0	0	0	0	0	0	0	0	0	0	0	0	0	0	0	0	0	0	0	0	0	0	0	0	0	0	0	0	0	0	0	0	0	0	0	0
134483	283Mc	0	0	0	0	0	0	0	0	0	0	0	0	0	0	0	0	0	0	0	0	0	0	0	0	0	0	0	0	0	0	0	0	0	0	0	0	0	0	0	0	0	0	0	0
134482	280Mc	0	0	0	0	0	0	0	0	0	0	0	0	0	0	0	0	0	0	0	0	0	0	0	0	0	0	0	0	0	0	0	0	0	0	0	0	0	0	0	0	0	0	0	0
134481	27NBOb	0	0	0	0	0	0	0	0	0	0	0	0	0	0	0	0	0	0	0	0	0	0	0	0	0	0	0	0	0	0	0	0	0	0	0	0	0	0	0	0	0	0	0	0
134479	276Mc	0	0	0	0	0	0	0	0	0	0	0	0	0	0	0	0	0	0	0	0	0	0	0	0	0	0	0	0	0	0	0	0	0	0	0	0	0	0	0	0	0	0	0	0
134478	272Mc	0	0	0	0	0	0	0	0	0	0	0	0	0	0	0	0	0	0	0	0	0	0	0	0	0	0	0	0	0	0	0	0	0	0	0	0	0	0	0	0	0	0	0	0
134472	269Oc	0	0	0	0	0	0	0	0	0	0	0	0	0	0	0	0	0	0	0	0	0	0	0	0	0	0	0	0	0	0	0	0	0	0	0	0	0	0	0	0	0	0	0	0
134471	268Mc	0	0	0	0	0	0	0	0	0	0	0	0	0	0	0	0	0	0	0	0	0	0	0	0	0	0	0	0	0	0	0	0	0	0	0	0	0	0	0	0	0	0	0	0
134469	266Oc	0	0	0	0	0	0	0	0	0	0	0	0	0	0	0	0	0	0	0	0	0	0	0	0	0	0	0	0	0	0	0	0	0	0	0	0	0	0	0	0	0	0	0	0
134466	264Mc	0	0	0	0	0	0	0	0	0	0	0	0	0	0	0	0	0	0	0	0	0	0	0	0	0	0	0	0	0	0	0	0	0	0	0	0	0	0	0	0	0	0	0	0
134463	262Oc	0	0	0	0	0	0	0	0	0	0	0	0	0	0	0	0	0	0	0	0	0	0	0	0	0	0	0	0	0	0	0	0	0	0	0	0	0	0	0	0	0	0	0	0
134462	262Mc	0	0	0	0	0	0	0	0	0	0	0	0	0	0	0	0	0	0	0	0	0	0	0	0	0	0	0	0	0	0	0	0	0	0	0	0	0	0	0	0	0	0	0	0
134461	260Mc	0	0	0	0	0	0	0	0	0	0	0	0	0	0	0	0	0	0	0	0	0	0	0	0	0	0	0	0	0	0	0	0	0	0	0	0	0	0	0	0	0	0	0	0
134460	25NBOb	0	0	0	0	0	0	0	0	0	0	0	0	0	0	0	0	0	0	0	0	0	0	0	0	0	0	0	0	0	0	0	0	0	0	0	0	0	0	0	0	0	0	0	0
134458	259Mc	0	0	0	0	0	0	0	0	0	0	0	0	0	0	0	0	0	0	0	0	0	0	0	0	0	0	0	0	0	0	0	0	0	0	0	0	0	0	0	0	0	0	0	0
134456	257Mc	0	0	0	0	0	0	0	0	0	0	0	0	0	0	0	0	0	0	0	0	0	0	0	0	0	0	0	0	0	0	0	0	0	0	0	0	0	0	0	0	0	0	0	0
134455	256Oc	0	0	0	0	0	0	0	0	0	0	0	0	0	0	0	0	0	0	0	0	0	0	0	0	0	0	0	0	0	0	0	0	0	0	0	0	0	0	0	0	0	0	0	0
134454	256Mc	0	0	0	0	0	0	0	0	0	0	0	0	0	0	0	0	0	0	0	0	0	0	0	0	0	0	0	0	0	0	0	0	0	0	0	0	0	0	0	0	0	0	0	0
134452	255Mc	0	0	0	0	0	0	0	0	0	0	0	0	0	0	0	0	0	0	0	0	0	0	0	0	0	0	0	0	0	0	0	0	0	0	0	0	0	0	0	0	0	0	0	0
134451	252Mc	0	0	0	0	0	0	0	0	0	0	0	0	0	0	0	0	0	0	0	0	0	0	0	0	0	0	0	0	0	0	0	0	0	0	0	0	0	0	0	0	0	0	0	0
134449	250Mc	0	0	0	0	0	0	0	0	0	0	0	0	0	0	0	0	0	0	0	0	0	0	0	0	0	0	0	0	0	0	0	0	0	0	0	0	0	0	0	0	0	0	0	0
134437	219Mc	0	0	0	0	0	0	0	0	0	0	0	0	0	0	0	0	0	0	0	0	0	0	0	0	0	0	0	0	0	0	0	0	0	0	0	0	0	0	0	0	0	0	0	0
134436	217Oc	0	0	0	0	0	0	0	0	0	0	0	0	0	0	0	0	0	0	0	0	0	0	0	0	0	0	0	0	0	0	0	0	0	0	0	0	0	0	0	0	0	0	0	0
134425	13NBOb	0	0	0	0	0	0	0	0	0	0	0	0	0	0	0	0	0	0	0	0	0	0	0	0	0	0	0	0	0	0	0	0	0	0	0	0	0	0	0	0	0	0	0	0
134424	12NBOb	0	0	0	0	0	0	0	0	0	0	0	0	0	0	0	0	0	0	0	0	0	0	0	0	0	0	0	0	0	0	0	0	0	0	0	0	0	0	0	0	0	0	0	0
134422	10NBOb	0	0	0	0	0	0	0	0	0	0	0	0	0	0	0	0	0	0	0	0	0	0	0	0	0	0	0	0	0	0	0	0	0	0	0	0	0	0	0	0	0	0	0	0
Sequence accession / SymPortal UID		883-59904-1847-73415	883	883/59904-1847	883-1847	883-9259-29208	1847-2061-883-73321	883-1480-1474	883-965	883-930	26	26/28-32-30-167	27/32/28-26-30-29-31	2-308-4-1-835-831-848-832	26-32-28-30-168-167-29-31	30	2-308-4-1112-1103-1108-1123-1	2-308-4-32-1-833	32-41	26/2-32-28-30-167	2-308-4-32-835	2-308-4	632-634-6114	632	2	2-308	2051-32-2-2678-38928	32	26-32-28-27-30-167-29-31	32-1330	2-1	2-308-828-835	2-517	2-32	2-32-4-1	32-71	41	5	853-933-854-940-10403-3850-935-855	853/62628-1767144	853-854-10613-855-10403	853-62628	853-933-854-10403-855	933-853-854-940-1730-935	853-933-854-62628
Average defining sequence proportions and [stdev]		0.901[0.023]-0.060[0.023]-0.028[0.009]-0.012[0.008]	1.000[0.000]	0.783[0.230]/0.161[0.247]-0.057[0.040]	0.966[0.005]-0.034[0.005]	0.901[0.028]-0.060[0.018]-0.039[0.010]	0.736[nan]-0.177[nan]-0.078[nan]-0.009[nan]	0.963[nan]-0.021[nan]-0.016[nan]	0.955[nan]-0.045[nan]	0.982[nan]-0.018[nan]	1.000[0.000]	0.523[0.128]-0.178[0.071]/0.147[0.095]-0.087[0.022]-0.064[0.037]	0.255[0.050]/0.221[0.033]/0.217[0.023]-0.199[0.014]-0.043[0.004]-0.041[0.009]-0.024[0.006]	0.726[0.029]-0.135[0.038]-0.050[0.011]-0.028[0.009]-0.020[0.003]-0.019[0.008]-0.012[0.004]-0.009[0.003]	0.528[0.057]-0.154[0.049]-0.107[0.031]-0.074[0.013]-0.045[0.021]-0.044[0.017]-0.026[0.003]-0.022[0.005]	1.000[0.000]	0.701[0.056]-0.155[0.071]-0.033[0.017]-0.029[0.015]-0.028[0.016]-0.021[0.011]-0.017[0.003]-0.016[0.005]	0.748[0.027]-0.161[0.032]-0.035[0.004]-0.030[0.027]-0.018[0.003]-0.009[0.002]	0.807[0.008]-0.193[0.008]	0.498[0.201]/0.174[0.242]-0.123[0.033]-0.090[0.022]-0.075[0.045]-0.040[0.021]	0.747[0.030]-0.164[0.014]-0.031[0.021]-0.030[0.011]-0.028[0.011]	0.756[0.072]-0.186[0.075]-0.058[0.009]	0.786[0.073]-0.124[0.039]-0.090[0.034]	1.000[0.000]	1.000[0.000]	0.770[0.047]-0.230[0.047]	0.316[nan]-0.231[nan]-0.162[nan]-0.160[nan]-0.130[nan]	1.000[nan]	0.386[nan]-0.211[nan]-0.164[nan]-0.104[nan]-0.060[nan]-0.027[nan]-0.026[nan]-0.022[nan]	0.673[nan]-0.327[nan]	0.808[nan]-0.192[nan]	0.706[nan]-0.203[nan]-0.073[nan]-0.018[nan]	0.542[nan]-0.458[nan]	0.673[nan]-0.327[nan]	0.562[nan]-0.319[nan]-0.080[nan]-0.039[nan]	0.785[nan]-0.215[nan]	1.000[nan]	1.000[nan]	0.347[0.015]-0.244[0.013]-0.199[0.012]-0.077[0.005]-0.062[0.011]-0.031[0.004]-0.027[0.003]-0.013[0.004]	0.564[0.164]/0.344[0.162]-0.091[0.022]	0.829[0.011]-0.086[0.013]-0.042[0.005]-0.028[0.003]-0.014[0.001]	0.641[0.026]-0.359[0.026]	0.491[nan]-0.195[nan]-0.188[nan]-0.105[nan]-0.020[nan]	0.567[nan]-0.208[nan]-0.103[nan]-0.090[nan]-0.022[nan]-0.009[nan]	0.387[nan]-0.278[nan]-0.243[nan]-0.091[nan]
