ITS2 type profile UID		161893	162228	161219	161823	161376	161762	161768	161770	161235	162229	161371	162646	162788
Clade		C	C	C	C	C	C	C	C	C	C	C	D	D
Majority ITS2 sequence		C1	C15	C3	C40	C1	C50a	C8	C8	C1	C50a	C50a	D1	D6
Associated species		None	None	None	None	None	None	None	None	None	None	None	None	None
ITS2 profile abundance local		32	5	4	4	2	2	2	1	1	1	1	9	4
ITS2 profile abundance DB		865	17	102	283	13	6	20	25	4	12	6	145	17
ITS2 type profile		C1-C1b-C1c-C42.2-C1bh-C1br-C1cb-C3	C15-C15l-C15n-C15qz-C15bp	C3/C21/C3av-C3at-C3b-C3dp	C40-C3-C115-C40h	C1-C1b-C42.2-C1c-C1bh-C1br-C1cb	C50a/C3-C50c-C3b	C8/C8a-C42.2-C1-C42e	C8/C8a-C1-C42.2-C42e-C8e-C42ae	C1-C1c-C1b-C42.2-C1bh-C1br	C40/C50c/C50a/C3	C50a/C50c-C3-C3b-C50f	D1-D4-D2-D4c-D6	D1/D6-D4-D1cc
138172	Sp9	32782.0	0	0	0	0	0	0	0	0	0	0	0	0
138171	Sp8	10594.0	0	0	0	0	0	0	0	0	0	0	0	0
138176	El7	21327.0	0	0	0	0	0	0	0	0	0	0	0	0
138170	Sp7	30710.0	0	0	0	0	0	0	0	0	0	0	0	0
138173	Sp10	34644.0	0	0	0	0	0	0	0	0	0	0	0	0
138175	Sp12	26877.0	0	0	0	0	0	0	0	0	0	0	0	0
138150	Dp9	24240.0	0	0	0	0	0	0	0	0	0	0	0	0
138179	El10	11774.0	0	0	0	0	0	0	0	0	0	0	0	0
138180	El11	11104.0	0	0	0	0	0	0	0	0	0	0	0	0
138136	Pd7	31309.0	0	0	0	0	0	0	0	0	0	0	0	0
138174	Sp11	31100.0	0	0	0	0	0	0	0	0	0	0	0	0
138137	Pd8	34955.0	0	0	0	0	0	0	0	0	0	0	0	0
138129	Dh12	33575.0	0	0	0	0	0	0	0	0	0	0	0	0
138186	Ca1	15175.0	0	0	0	0	0	0	0	0	0	0	0	0
138149	Dp8	16909.0	0	0	0	0	0	0	0	0	0	0	0	0
138187	Ca2	12469.0	0	0	0	0	0	0	0	0	0	0	0	0
138125	Dh8	21238.0	0	0	0	0	0	0	0	0	0	0	0	0
138153	Dp12	17210.0	0	0	0	0	0	0	0	0	0	0	0	0
138148	Dp7	31528.0	0	0	0	0	0	0	0	0	0	0	0	0
138163	Pl9	4100.0	0	0	0	0	0	0	0	0	0	0	0	0
138188	Ca3	10309.0	0	0	0	0	0	0	0	0	0	0	0	0
138152	Dp11	19743.0	0	0	0	0	0	0	0	0	0	0	0	0
138162	Pl8	11364.0	0	0	0	0	0	0	0	0	0	0	0	0
138151	Dp10	31013.0	0	0	0	0	0	0	0	0	0	0	0	0
138161	Pl7	16430.0	0	0	0	0	0	0	0	0	0	0	0	0
138127	Dh10	23856.0	0	0	0	0	0	0	0	0	0	0	0	0
138128	Dh11	18435.0	0	0	0	0	0	0	0	0	0	0	0	0
138138	Pd9	331.0	0	0	0	0	0	0	0	0	0	0	0	0
138181	El12	1248.0	0	0	0	0	0	0	0	0	0	0	0	0
138134	Pd5	0	0	0	0	0	0	0	0	0	0	0	25656.0	0
138135	Pd6	0	0	0	0	0	0	0	0	0	0	0	24871.0	0
138133	Pd4	0	0	0	0	0	0	0	0	0	0	0	16192.0	0
138130	Pd1	0	0	0	0	0	0	0	0	0	0	0	35356.0	0
138131	Pd2	0	0	0	0	0	0	0	0	0	0	0	4704.0	0
138132	Pd3	0	0	0	0	0	0	0	0	0	0	0	2389.0	0
138139	Pd10	2471.0	0	0	0	0	0	0	0	0	0	0	6818.0	0
138141	Pd12	10256.0	0	0	0	0	0	0	0	0	0	0	15335.0	0
138140	Pd11	14946.0	0	0	0	0	0	0	0	0	0	0	15436.0	0
138159	Pl5	0	211.0	0	0	0	0	0	0	0	0	0	0	0
138103	Pl15	0	35430.0	0	0	0	0	0	0	0	0	0	0	0
138102	Pl14	0	28925.0	0	0	0	0	0	0	0	0	0	0	0
138104	Pl16	0	3181.0	0	0	0	0	0	0	0	0	0	0	0
138101	Pl13	0	31335.0	0	0	0	0	0	0	0	0	0	0	0
138100	Dp16	0	0	43688.0	0	0	0	0	0	0	0	0	0	0
138097	Dp13	0	0	34519.0	0	0	0	0	0	0	0	0	0	0
138098	Dp14	0	0	29620.0	0	0	0	0	0	0	0	0	0	0
138099	Dp15	0	0	41167.0	0	0	0	0	0	0	0	0	0	0
138116	Dh16	0	0	0	0	0	0	0	0	0	0	0	0	5991.0
138115	Dh15	0	0	0	0	0	0	0	0	0	0	0	0	4372.0
138113	Dh13	0	0	0	0	0	0	0	0	0	0	0	0	5627.0
138114	Dh14	0	0	0	0	0	0	0	0	0	0	0	0	6608.0
138110	El14	0	0	0	8334.0	0	0	0	0	0	0	0	0	0
138112	El16	0	0	0	24450.0	0	0	0	0	0	0	0	0	0
138111	El15	0	0	0	14395.0	0	0	0	0	0	0	0	0	0
138109	El13	0	0	0	3233.0	0	0	0	0	0	0	0	0	0
138165	Pl11	0	0	0	0	572.0	0	0	0	0	0	0	0	0
138164	Pl10	0	0	0	0	225.0	0	0	0	0	0	0	0	0
138108	Pd16	0	0	0	0	0	13170.0	0	0	0	0	0	0	0
138106	Pd14	0	0	0	0	0	18525.0	0	0	0	0	0	0	0
138096	Sp16	0	0	0	0	0	0	19697.0	0	0	0	0	0	0
138095	Sp15	0	0	0	0	0	0	35979.0	0	0	0	0	0	0
138093	Sp13	0	0	0	0	0	0	0	38368.0	0	0	0	0	0
138177	El8	0	0	0	0	0	0	0	0	209.0	0	0	0	0
138107	Pd15	0	0	0	0	0	0	0	0	0	22807.0	0	0	0
138105	Pd13	0	0	0	0	0	0	0	0	0	0	11468.0	0	0
138185	PCR_NTC3	0	0	0	0	0	0	0	0	0	0	0	0	0
138184	PCR_NTC2	0	0	0	0	0	0	0	0	0	0	0	0	0
138183	PCR_NTC1	0	0	0	0	0	0	0	0	0	0	0	0	0
138182	DNA_NTC3	0	0	0	0	0	0	0	0	0	0	0	0	0
138178	El9	0	0	0	0	0	0	0	0	0	0	0	0	0
138169	Sp3	0	0	0	0	0	0	0	0	0	0	0	0	0
138168	Sp2	0	0	0	0	0	0	0	0	0	0	0	0	0
138167	Sp1	0	0	0	0	0	0	0	0	0	0	0	0	0
138166	Pl12	0	0	0	0	0	0	0	0	0	0	0	0	0
138160	Pl6	0	0	0	0	0	0	0	0	0	0	0	0	0
138158	Pl4	0	0	0	0	0	0	0	0	0	0	0	0	0
138157	Pl3	0	0	0	0	0	0	0	0	0	0	0	0	0
138156	Pl2	0	0	0	0	0	0	0	0	0	0	0	0	0
138155	Pl1	0	0	0	0	0	0	0	0	0	0	0	0	0
138154	DNA_NTC2	0	0	0	0	0	0	0	0	0	0	0	0	0
138147	Dp6	0	0	0	0	0	0	0	0	0	0	0	0	0
138146	Dp5	0	0	0	0	0	0	0	0	0	0	0	0	0
138145	Dp4	0	0	0	0	0	0	0	0	0	0	0	0	0
138144	Dp3	0	0	0	0	0	0	0	0	0	0	0	0	0
138143	Dp2	0	0	0	0	0	0	0	0	0	0	0	0	0
138142	Dp1	0	0	0	0	0	0	0	0	0	0	0	0	0
138126	Dh9	0	0	0	0	0	0	0	0	0	0	0	0	0
138124	Dh7	0	0	0	0	0	0	0	0	0	0	0	0	0
138123	Dh6	0	0	0	0	0	0	0	0	0	0	0	0	0
138122	Dh5	0	0	0	0	0	0	0	0	0	0	0	0	0
138121	Dh4	0	0	0	0	0	0	0	0	0	0	0	0	0
138120	Dh3	0	0	0	0	0	0	0	0	0	0	0	0	0
138119	Dh2	0	0	0	0	0	0	0	0	0	0	0	0	0
138118	Dh1	0	0	0	0	0	0	0	0	0	0	0	0	0
138117	DNA_NTC1	0	0	0	0	0	0	0	0	0	0	0	0	0
138094	Sp14	0	0	0	0	0	0	0	0	0	0	0	0	0
Sequence accession / SymPortal UID		2-4-1-831-308-848-832-32	517-518-519-7150-3402	32-41-20824-80-9767-2416	25860-32-20866-348152	2-4-1-308-831-848-832	20940-37038-32-80	37489-62802-1-2-37493	37489-62802-1-2-37493-43057-28943	2-4-1-831-308-848	20940-37038-32-25860	20940-37038-32-80-35	853-854-855-1730-933	933-853-854-1238263
Average defining sequence proportions and [stdev]		0.652[0.024]-0.106[0.011]-0.073[0.005]-0.059[0.007]-0.042[0.004]-0.032[0.004]-0.023[0.004]-0.013[0.003]	0.787[0.020]-0.086[0.011]-0.055[0.008]-0.039[0.010]-0.033[0.006]	0.682[0.004]-0.109[0.004]-0.070[0.001]-0.060[0.001]-0.046[0.001]-0.032[0.003]	0.814[0.023]-0.093[0.010]-0.083[0.013]-0.010[0.002]	0.609[0.044]-0.127[0.016]-0.085[0.019]-0.051[0.040]-0.046[0.016]-0.044[0.012]-0.038[0.002]	0.526[0.004]-0.405[0.013]-0.057[0.005]-0.012[0.004]	0.497[0.001]-0.286[0.001]-0.106[0.003]-0.090[0.001]-0.021[0.005]	0.472[nan]-0.267[nan]-0.094[nan]-0.078[nan]-0.043[nan]-0.028[nan]-0.018[nan]	0.584[nan]-0.124[nan]-0.110[nan]-0.081[nan]-0.077[nan]-0.024[nan]	0.477[nan]-0.390[nan]-0.072[nan]-0.061[nan]	0.513[nan]-0.422[nan]-0.046[nan]-0.010[nan]-0.008[nan]	0.416[0.016]-0.230[0.008]-0.210[0.015]-0.109[0.004]-0.035[0.004]	0.386[0.007]-0.365[0.007]-0.168[0.007]-0.081[0.005]
